16000
4626
4728
17483
18794
19112
11634
15167
9820
9158
10130
2431
16935
9207
12612
5069
3090
8258
3664
10467
1815
8199
206
10607
19579
6794
9575
6466
16630
9845
7195
3701
10823
11922
17535
9616
7386
9169
4782
17205
14678
11263
15987
11613
16822
4951
16681
19911
13208
16696
6729
11374
1246
3286
18333
825
6431
4259
7290
3061
10456
10836
3113
1278
19110
647
10893
6495
9815
12027
51
4493
19641
16038
12457
16462
17340
9137
12724
10547
2184
19452
18272
3430
2737
16604
4254
9168
17215
7895
8580
7670
18730
11692
8947
17839
12338
16191
685
18505
8217
736
19349
4210
13125
11805
671
10464
17293
9747
17362
19476
9198
15633
19257
8287
8589
19862
13806
5803
7756
18737
13472
6486
10428
2418
676
19117
14960
1361
13973
3177
2096
13321
3738
15220
1477
760
2035
18769
10506
19396
14597
16056
15028
13853
4342
3616
10067
14499
5770
17822
13235
19241
659
14
18010
1335
15482
12970
19047
9455
12498
17494
2775
16235
9065
604
16994
11099
19372
3852
10494
10320
19907
5521
525
600
5489
10591
15098
11258
8412
4684
6851
9071
4697
4860
6757
178
14181
5803
9632
3030
3296
8759
19264
12360
5714
12610
3458
5085
12813
13951
11757
12719
15823
12281
9670
17663
2871
1119
8921
11282
5802
12123
16704
6850
13334
3460
3379
7515
5614
9363
10544
8909
18121
6160
17620
186
15121
1077
5270
7933
11379
13378
17003
3554
5658
3024
1216
8528
4142
6488
16162
6295
18610
12865
13144
11944
12677
16522
15810
18290
2236
6353
3551
16708
8864
1170
16893
336
2247
18515
4620
9977
11892
17974
13530
17550
997
14746
2429
5138
1233
18590
7784
19843
7807
17279
8138
16835
10153
3947
15124
12388
6651
18674
9096
15515
19844
5988
12202
18442
4502
16822
8418
16394
14795
1948
10295
15792
13045
12723
17281
14277
7665
1417
10471
15471
18695
18608
12305
8847
2554
3780
1235
9205
2454
10330
1071
18649
12669
9624
13442
17171
6445
1859
9916
17592
158
210
9735
9554
9284
3367
183
16948
4783
10653
8770
3478
5613
17426
8676
8166
1206
9910
13722
11
16591
11144
15011
5612
768
8452
2782
3564
6662
9049
1155
3172
5610
10889
12725
14893
14256
12907
11841
15390
3560
16962
18867
5524
14388
3895
13689
15593
10156
3763
11955
6747
11258
6965
8710
12025
11768
11491
11941
18429
16891
13095
1600
2500
336
14325
17392
14591
3583
5584
6332
7142
2546
5199
12665
16933
5445
2706
8877
15600
2820
17183
18698
10429
4147
7407
2454
12266
15249
10746
10694
12139
3840
8646
14638
4175
19322
8382
15117
2904
13965
1449
6398
16510
2999
15414
9794
8443
14471
18670
4042
17290
12204
2740
4071
16350
10146
2876
4967
5395
13621
15661
13885
17460
658
8523
17987
19979
16904
13103
2882
7220
10903
9279
82
10253
1045
9875
18695
15515
4897
19089
9157
17100
1828
13227
9802
8325
16102
14768
10071
9722
6780
3956
3533
3789
8830
1519
3767
2085
10974
3001
9304
1876
8631
9385
12129
9675
15612
7175
5190
508
6263
10698
13959
4442
3924
3760
9119
25
14880
19189
6098
18011
19496
9630
1800
8325
11149
1918
10409
18474
4918
16065
349
13549
5449
8829
19575
17412
12356
1116
17919
14970
11813
8230
19412
12088
11989
4882
12112
3220
422
14561
1231
19918
4191
19382
4594
11691
1299
11355
10164
6217
7419
6864
16117
9219
12045
15691
6631
4400
13159
901
19369
4971
9130
15132
17059
17471
13
5522
17042
16787
16435
14624
16704
625
14005
17649
8667
15304
5355
18830
17872
9125
5693
10340
18344
17737
2382
1326
18488
15540
18578
14209
16863
4060
9340
10273
1530
5705
15794
14923
2491
8580
9547
15546
9204
3551
9546
17870
15206
14901
13051
9429
4025
15096
19768
18720
9184
18502
16397
7672
14041
14975
1880
7255
19034
7571
17527
16915
13275
9673
11837
15765
18252
17735
7662
7456
1286
17208
1677
12843
12108
11080
2272
16132
6175
18391
11204
15358
16892
7600
3029
10933
2574
1260
18187
17959
8831
12066
11225
2105
1738
19414
14222
19989
17148
1883
3796
14785
15442
1825
7628
7549
12904
6251
33
19078
4641
11236
14435
1533
18835
13816
8817
17761
15075
3355
15719
3905
15420
3296
2362
13509
2709
16583
13498
16208
14817
13645
10993
10259
15469
14972
14159
4724
1222
10543
3801
5862
18130
14588
3746
16965
8403
8914
11077
19829
8621
3147
86
392
6442
2447
13901
5502
15381
3750
1710
10197
17394
9054
16807
9215
4025
7318
13938
5246
14212
14091
7459
12342
5030
7557
9306
13432
16470
16734
9612
1442
19880
9697
1834
6322
12143
15734
11823
7523
15835
13532
14072
9580
2585
7230
18794
2961
10899
9084
4558
5111
19526
12017
17452
4555
15925
3109
14338
8746
19842
3949
10188
19721
13646
12021
2394
5788
4106
14217
9663
16292
4100
86
5871
3037
7315
1017
5997
14566
6452
10555
19676
5977
18923
13479
6883
14847
16587
1220
3592
12780
5168
10131
8852
15165
18503
11246
17305
2608
5462
6967
18899
5913
3404
1122
5301
7070
2138
11298
1635
4941
18204
17662
10917
13478
11140
14151
4676
4078
15370
4619
16857
537
14750
2061
12054
13252
13306
9358
12212
15119
12676
7462
1031
16079
4935
6332
3148
3424
13981
4783
8364
8536
18796
15632
18365
9936
9782
3040
14013
5151
4010
7222
2040
18759
9282
14093
8363
18939
3450
16926
14057
12477
4387
11439
8555
9322
14122
11702
12745
8102
12836
17461
12989
11632
13092
7705
17919
2874
10744
8283
4376
14754
11856
2767
9864
17489
16859
14578
16427
16660
11503
10483
9136
12242
1922
14042
1563
16043
2096
10659
497
14931
8119
9837
2914
17563
17542
17184
16788
4637
5467
1163
15742
17322
3930
5606
11163
17140
183
7589
10152
8038
18072
15639
279
16345
9681
18193
8739
11776
5203
5587
3058
9674
15424
2324
7236
12965
19507
4023
17601
1325
1537
13343
14999
5466
15300
6161
18958
11834
13749
5461
19871
8172
1099
16501
868
7131
14693
9607
15258
16248
11545
14668
5921
6968
16991
13156
16284
12849
13530
13885
14174
15066
3579
5524
532
15230
11684
15841
7063
1784
1301
3286
6308
18751
19786
7175
5882
10831
13133
17491
7078
1030
12158
12998
7997
5500
2505
4281
14701
16034
14517
8874
11099
18095
10749
7982
13324
2432
3822
16738
567
1474
23
6874
225
16161
10401
6106
3343
19885
19948
6772
914
12106
16121
5263
13957
18625
9543
8657
11010
4059
13882
18460
18505
4630
6442
8180
3413
6615
4917
3980
8089
1292
7205
8313
13804
17605
10770
17146
13842
10717
269
11107
19174
16389
16369
13131
11365
5911
18139
2374
6321
12021
833
4825
16650
3626
9356
63
10241
14273
394
18329
11916
7598
2993
5719
1555
13762
19216
15396
4478
19484
6502
4
12224
2871
13134
3588
5133
11272
2313
11454
19644
19497
12630
12646
3123
1986
9060
9715
12610
9453
8043
4525
17050
7387
6595
18604
1148
2162
10351
1977
17997
13205
1980
10220
16075
11465
10159
17559
19089
12471
9012
18732
8319
1642
11377
11441
19979
436
1155
12588
6240
5549
17112
19642
12935
58
14597
10434
2219
4948
8763
215
18152
10742
10434
10578
18559
16944
8136
13999
9414
17148
12730
17732
15141
459
5525
15119
17246
3031
7706
19838
8580
1169
19479
17866
1226
14075
4652
3444
19022
13414
10
13525
507
10443
4102
15417
7386
12238
9415
13151
5737
18497
7234
877
15307
12758
12347
12552
15789
52
12389
720
17572
8219
14937
18797
2294
15940
18592
1315
9353
18601
11192
6212
5395
15293
1628
9132
7530
11043
2282
9618
9539
9515
10494
4845
18625
19192
13748
10765
15595
2489
7836
13166
10707
2772
8314
9352
18712
6905
7019
4416
5505
18210
10627
7251
13502
8607
16382
17384
19649
18663
7001
5539
4530
13847
6735
19506
13038
16834
10270
8633
19322
18105
18150
6381
17228
6464
15732
15939
13368
2750
16707
15225
17311
3685
2475
10813
12291
15209
8196
8291
10223
11548
13829
14752
1746
16915
10609
14784
13749
878
19768
9422
15334
17917
12154
12562
732
4238
4852
10452
3339
1558
5676
650
5243
4502
11462
13885
16062
16009
2176
6285
3908
16004
17388
5654
9271
7997
437
3019
8874
16556
8792
4208
10824
17298
13121
11556
1535
17972
2007
4873
15882
4034
5522
17476
4887
16983
11360
949
9343
9887
7233
13251
2243
4620
18904
11513
12616
15692
10883
17842
12247
19674
18401
19422
16971
11521
10977
14857
5844
9335
19730
18077
13368
5251
11904
18255
18586
19616
19203
4280
9502
2787
17530
11744
7406
12785
19608
16374
8476
10490
10567
17074
6516
8967
16496
19838
16839
3824
14695
19034
13159
14424
17111
6526
16026
5366
1132
10963
4981
334
15243
10835
19472
9124
18930
3230
1909
18538
19603
10384
9027
10169
3810
15542
15487
305
11732
12325
480
6426
11358
13638
17201
4820
164
9578
10186
1295
541
11518
17981
12135
2352
17452
1258
1282
681
3166
19819
16635
9902
5197
3155
13711
17091
18641
10367
8822
7317
10846
11599
18675
4484
8799
19846
999
14728
6383
2293
15268
17901
16625
7402
16604
10429
5012
17885
7461
8177
14055
448
18078
15604
3602
8140
12694
18595
18506
1515
5911
5704
9465
937
10187
18263
783
11185
9342
7165
9829
4610
1417
2806
8363
18021
13234
13374
12257
17046
17903
2664
17493
15980
18267
1095
4120
7312
16041
18977
8826
1951
4680
14642
19240
14866
9256
16374
2402
18597
19890
8583
3206
1307
7740
7921
15679
17325
17646
7935
14370
15548
6950
11863
7880
5216
9309
8351
12527
1701
7327
17704
3651
12007
12345
19242
3224
1600
15615
1978
197
11857
6912
19754
13163
14651
4026
5193
8327
1672
9479
2696
13571
16429
10910
1450
1644
16570
9800
10523
18270
13479
4578
18273
5485
13275
17514
5060
11226
9481
3389
7774
1337
10300
7528
10851
1302
7905
16043
9628
5928
5521
8676
19499
1949
19585
17300
19945
12507
3452
6819
10776
16930
11396
9048
18766
1022
2914
177
12248
12394
3566
21
13730
13865
3900
932
11519
11805
16974
1146
17732
18846
6173
13582
795
2110
7234
17091
14616
10685
3909
5391
3966
11656
14439
2731
9030
17352
19259
1277
6097
2824
17649
19826
13041
1549
17109
4559
9705
14082
2056
3788
12927
8229
17370
10073
10338
4603
7163
4953
11639
7423
6695
15604
15431
17485
14686
4460
14836
13944
2088
17284
13120
19736
13461
6160
1284
10569
10718
10988
4650
12773
14776
13929
17353
8497
4001
4042
9451
7516
5346
17441
11290
12041
13044
3072
9525
4081
3883
713
14376
5970
17996
7495
2058
11457
13654
19693
2025
723
7033
3027
9848
1808
16955
7200
6656
17307
7594
12458
4822
12939
9898
12464
4979
19293
15535
14504
3373
15770
11568
14100
18091
9563
1595
148
1019
11600
19841
19396
12323
6873
2422
2170
5032
19376
5721
11687
16682
13314
496
17856
2605
10393
10319
7583
9685
2205
18438
9409
14326
10005
3508
12417
15920
1454
12564
13290
13054
12404
12685
1728
19276
15106
249
659
14481
2321
8697
7515
15635
9192
1722
14591
19584
8392
18525
9268
10596
16963
18676
1274
3319
18536
13690
15590
19989
6253
8880
9394
15009
1564
11121
10636
16670
11369
11295
7502
13690
19991
11368
5676
9183
13089
266
5118
1480
18790
10738
8428
12104
9413
9701
11775
4300
3390
7364
4289
5994
16243
13682
1002
14159
1155
7990
10828
12523
19284
14681
2564
15626
6049
4591
1160
19137
1208
2630
617
16350
13367
5396
4805
19131
15096
16579
3431
14837
295
4071
830
12889
17752
18184
7047
15258
6173
14226
7781
1808
8907
6696
13785
11307
11287
11297
10443
12494
13926
7411
5195
7292
12806
10000
6422
4253
6578
9852
19089
3224
13922
19919
16113
8026
14454
19511
3283
16978
13737
7415
18785
18995
14111
8921
10301
1749
217
17095
10594
14142
858
15789
1433
13663
5788
7855
14268
8717
14058
13356
11941
4332
9626
4405
12357
4079
3915
11991
1056
14003
19406
16192
12997
9868
5113
19649
7968
5329
13096
18561
19471
13953
10701
17255
3967
16488
1461
18234
1557
15519
11590
9849
19850
17567
14253
8558
1646
14519
548
19053
8522
19953
11597
17870
6172
16709
13871
14139
18389
6966
12700
14211
918
3400
11466
4884
16240
12926
3118
14148
8444
11059
3996
4645
8625
14600
13202
6622
9118
13750
2027
13991
10054
13623
8213
16226
6683
2083
10364
5071
9048
19415
19282
6317
19167
7099
11200
11758
24
10669
5905
4820
18079
6252
9464
3056
851
2666
6029
6320
12767
8055
16663
19172
18029
4875
15397
4711
3309
2113
6134
12356
17879
1767
15024
13397
8865
6223
5154
8888
13244
7410
13707
11322
13661
19523
10729
10863
18540
16758
13535
11306
1164
10197
6829
19193
11423
18578
255
14731
690
6388
3438
14920
4506
18461
8317
13370
1035
9822
2258
14278
17232
12316
1952
7244
11838
12680
18107
10377
5789
11641
18034
6953
18189
1215
2497
9611
19792
2751
4341
16833
5491
4130
11752
9996
2590
16420
3366
19976
6242
1975
10606
3473
14290
12557
10716
2480
1588
5174
9208
7377
13166
3594
10681
7706
4808
13177
17316
4599
15927
18008
1431
17769
2137
9534
7765
1078
5954
11130
1054
12195
9456
11659
15667
3745
567
2734
6224
18506
4260
11784
2234
13777
15377
12914
1483
184
6090
15150
1134
18369
13158
2564
16137
11646
12097
253
9076
18050
7734
10129
10244
17189
18139
2262
17286
15057
1348
19861
13562
5607
11644
15796
15735
7020
5061
17217
3555
7503
12367
4688
5871
1876
3603
18359
9873
15700
14964
18948
10101
2697
5428
16697
16238
3566
18958
13523
14974
16657
13383
8536
18615
1379
4331
14350
8398
9391
7918
8305
16893
284
12992
19115
18511
16595
13826
8384
8646
8789
3683
18746
7837
9111
15442
4074
9028
10752
13948
4002
7408
7331
8889
6023
8709
13219
16724
13458
18961
4641
1762
12206
1277
11106
7672
19787
7700
1497
4522
12697
6637
8205
11442
10826
13667
3236
14899
19046
13987
5199
3047
17746
12529
8287
120
17589
1505
16843
7398
16818
17836
5512
5375
19112
16617
13046
15250
668
10895
19772
13364
17531
4328
1157
4708
17994
4392
19607
13391
14730
4805
16438
8828
13685
1076
5299
7625
18933
18494
11374
15750
16329
16885
17476
15440
9853
10521
10689
10520
1415
6812
235
15298
11139
1392
5
5484
2135
15963
18875
16865
17119
11664
2044
7155
12739
7342
11131
11671
5835
2505
3772
18515
19389
1247
10306
9242
8120
17347
16113
5886
4158
16348
1183
11649
17739
17540
13484
16225
9854
8710
13089
3325
16725
11484
10479
9464
15178
1610
17486
1012
4114
17610
15879
19854
18856
6184
5447
6975
19882
1560
9213
392
17907
10395
12040
11997
4286
1875
8221
10492
10585
17662
13816
7309
5497
4294
13124
674
2255
6962
18038
2720
4571
13916
18926
19778
16451
4372
3105
16333
5931
12317
16724
189
19063
5115
8537
19701
6989
13110
10192
13925
10771
4007
17586
16267
4652
7061
13293
6907
14022
11330
9626
14944
5245
8551
11074
18047
9275
14178
14379
11557
2846
7454
11746
1908
12568
16634
1608
15909
9743
11799
9833
16865
12157
3770
9484
16809
10831
2776
3715
1204
14105
9692
16148
15701
14595
7221
13747
3869
17750
4478
15425
595
11931
3522
18854
4499
156
16814
407
6250
4964
6591
3115
17121
10361
8950
13929
17543
8077
13995
18746
18533
3686
11245
14233
14632
18465
4331
18500
12566
8808
13925
9512
17091
13798
8366
17941
13953
5179
14699
16555
10142
1289
16021
7262
8001
4970
17542
5543
13046
11536
641
11578
11574
11885
2162
6205
6702
2844
1057
19267
8004
14981
8779
5094
5130
13496
3034
15435
18674
17732
11989
5167
15372
8009
8781
3373
12978
6322
5267
2375
14210
2259
10304
2135
14144
8817
8339
845
11660
9395
16463
19663
727
1593
4756
5857
15088
4141
1291
10113
1872
9631
15280
13596
17639
4060
16968
6968
6733
18586
9342
17294
845
15997
19428
11340
4813
7767
12184
16472
13513
4998
16135
14240
6591
17242
16448
18030
17735
14090
8143
19606
3720
19774
13201
17710
185
6520
4677
6917
1458
10370
4211
2302
6366
3638
13641
11178
7756
2176
4001
1269
3525
16487
11860
6467
10081
4659
4497
7815
18748
8991
3772
18819
8764
16973
16528
5300
19844
1204
12216
17653
11573
12778
19954
14290
12768
9946
1819
523
8473
5819
18143
8350
2306
10002
14816
12386
14660
15664
200
9759
4654
323
8577
9769
13647
1456
15068
13491
19011
3636
11143
6935
16413
7449
1224
9180
13746
3042
6055
18571
5213
4197
6920
7518
10551
1735
16255
1562
17399
12806
11321
18404
13128
16249
8173
6775
17705
19592
16617
16715
3227
4111
3650
15992
7911
1225
1523
1657
4267
7577
16579
9479
8126
3498
13348
18676
1584
5954
237
15334
18759
7909
13738
8238
4158
18262
11364
1862
17853
7980
14928
17432
12091
14929
13423
16353
16154
11297
18009
420
18874
10939
6250
3351
14436
15949
18378
12372
1902
18614
7705
660
6523
1442
5249
7032
16055
16613
5245
10260
944
172
7691
13034
11453
17465
5739
7606
8761
3747
4377
3986
14686
10626
7336
5473
6574
5713
17844
8475
679
5549
5486
3553
3342
7086
10584
15749
3698
12180
6008
4642
8703
10050
14027
155
3866
19765
7760
8978
19864
12136
12964
10901
19113
16651
12725
2038
18716
10569
6864
15746
12469
8701
19298
12162
15787
6233
7910
15836
18412
10269
16829
3466
16670
7208
3621
535
3324
7732
9513
3187
16220
18828
10439
15332
11830
3164
13722
10545
10084
585
2642
18904
9286
1939
11065
1424
4523
15327
17259
19286
1947
14088
2752
18617
17647
6372
15503
970
10455
1367
509
6674
16546
10947
2006
8376
10462
15727
15272
16897
12663
17914
15800
1948
16204
3217
3371
17079
14895
16982
16364
16841
7421
15467
11809
5067
18190
7312
6036
8645
5030
6544
15318
1576
13843
13675
6303
656
9401
1574
17553
18416
15839
13352
363
8395
16568
86
5473
11462
13419
1836
4655
839
17303
16463
2257
15492
3774
4644
488
8804
7540
15806
6731
1382
9480
13033
2037
15233
10958
15941
13648
6797
9293
10362
15191
2212
6799
663
10026
217
18850
14680
17407
12504
11142
16015
4348
11268
659
4835
16423
8198
640
3153
5931
6472
12537
4319
1704
3494
260
11703
10290
5904
2064
1832
8115
5215
18846
18140
5431
17696
9171
19190
6551
16665
15204
10898
7932
15862
12085
706
411
9076
210
6341
15547
12746
7012
13602
12591
3623
5304
19233
9526
3720
1064
13992
8934
19910
8484
10716
13957
17654
9905
16859
14318
5109
7757
18601
17322
19841
15658
17733
8916
12219
425
815
4964
7436
14416
13907
7410
19720
13139
16935
19791
14202
10927
8724
10463
19410
19439
771
13415
9344
17630
7733
10804
1738
2685
8125
17930
14695
5857
3197
6913
2634
4011
8229
10069
18427
2135
13831
14498
15273
10765
14288
5826
1691
19363
12641
17452
18801
13411
10867
4496
7392
14951
15299
9129
17635
3424
7058
8681
5632
10255
15594
8265
14265
3822
14686
9043
5956
8516
19892
17580
15632
10531
19757
13675
9893
12397
11126
5046
2160
1992
9541
9551
13294
1192
18680
10929
967
2089
19609
2950
12343
11554
7567
2960
15375
2252
8354
17682
7119
4598
15261
2750
15128
15018
16424
1373
3766
3902
6418
5925
5893
12310
11828
19187
9853
6859
6467
10819
8947
2427
10121
17642
10333
17687
16953
5707
19938
1658
3389
3408
6255
18649
6157
1383
10018
18933
2755
13784
2834
5524
16060
5078
17833
7887
616
7686
14745
3434
14856
44
2213
4976
14037
12545
2662
10989
14603
18951
12646
17991
2358
18901
12992
4867
16635
3009
151
19389
13144
19336
1264
9204
4413
19096
13442
1381
3133
4539
1166
17989
934
3378
19316
14970
12274
18330
2310
6877
17280
11307
4867
15990
10207
14210
17208
3193
17219
17358
18933
6714
13045
196
15917
13809
15644
5711
15189
18776
10249
16355
13116
11182
16084
8784
2503
8358
7113
4812
11586
744
16118
12804
13085
2677
7014
10292
5869
4232
4001
1154
7297
17045
1349
3214
10854
16992
5276
2394
15768
15524
15100
5235
3057
11184
14018
5559
15893
1130
10370
3830
18226
6487
16633
11310
5515
3646
17954
11384
4229
1954
12537
11526
15351
10237
11091
2556
7229
16366
1301
19348
8241
16401
934
7649
3936
14952
9559
16180
12433
19928
9
7010
2766
12993
18320
4633
16639
16273
16016
17219
14578
4904
8744
6280
15140
16186
8835
18720
8903
10136
14419
13495
2888
15353
1143
6823
6656
10701
3002
15440
6980
19362
2450
6098
12354
17121
10730
5344
13393
3097
2563
4322
4352
11306
10602
19491
3844
15788
14563
12746
2275
5333
6241
5162
17037
7383
11984
3692
14436
11337
15484
1415
10698
17933
3864
19404
15053
14593
4747
4797
14041
7309
9118
18392
14967
16071
14235
18810
11859
8797
11555
14133
10481
17795
15647
7518
1530
7630
7561
15965
18967
3044
13731
6016
976
17595
5419
12380
8539
10166
17176
2580
13826
2646
17323
8792
18716
11557
7601
6926
16705
19156
17411
7186
13302
13057
14703
14831
17038
2263
7147
12356
5307
17230
14724
2634
11176
142
15014
16066
6659
12189
18645
485
11186
15968
5628
6254
3876
13229
13179
581
8736
6941
7766
2037
16349
18820
13220
13387
1082
16718
5742
2740
10299
16817
5374
1474
16959
387
17540
19969
8927
12536
16805
113
4855
2433
2718
8731
12013
15896
9311
748
19189
13428
19136
15537
12247
8707
5275
13328
1777
7369
12420
12075
4185
17793
13549
1143
14531
7440
17464
19809
19975
10620
16273
4830
13052
18990
9912
5064
11238
15574
2163
10426
9001
17651
2314
1247
6357
7589
10926
8133
14957
3345
208
19141
17489
10108
16636
8371
17547
10451
8180
13873
1070
804
15054
14122
16146
4965
15537
7383
538
14052
14160
9538
11702
16473
10784
18058
4061
18062
2543
15369
1406
19102
14510
15247
9209
7497
3617
3107
17947
8148
16979
19016
8952
12033
9489
1449
16997
1378
8831
13887
15429
19342
3424
7130
15814
10560
1539
16227
4973
4081
11595
2730
3182
2456
17976
8742
6304
17945
11848
4250
6092
5179
19618
11395
17211
9106
12843
10559
10483
18025
797
5911
17366
4221
9392
13180
11132
10931
5758
16104
15011
13704
18833
18193
12512
13161
3286
18815
11105
15134
3065
17196
312
2682
4943
13874
8139
17785
784
18622
12162
1581
884
9527
2153
10276
19058
13284
1206
4815
5739
12568
18519
923
7112
11030
10435
10398
6196
1539
5531
9260
15087
2194
8293
29
12419
12784
14165
13202
11405
6326
14782
8640
12205
16934
18915
11262
6569
16472
12429
8659
9040
7299
9582
16151
14680
16
6548
875
17907
8430
6487
12993
6975
14779
9373
19393
7562
3537
12595
15318
6215
3728
3958
18419
662
19224
6032
7230
15696
18460
15889
1087
5758
1822
13589
437
18189
137
1312
16095
4918
7798
5439
8245
18928
11163
7637
2842
11052
16583
14511
17266
311
18468
12036
972
14044
18067
4553
6091
12879
16793
7177
18636
14966
765
15425
13155
17253
13088
5601
18523
17237
7392
6767
16164
18554
10755
15357
9605
7338
9868
3222
7648
4687
15257
8619
15082
9676
9523
1172
2554
6316
4700
17541
1281
5465
9317
10787
19069
2404
16388
13943
19640
3779
709
15804
18684
11464
7512
8289
18801
17379
11510
2800
18418
3119
11418
13499
9146
17292
14671
8051
3607
19370
5591
1240
1186
11260
12026
16607
13663
4765
10549
13303
4895
7610
5458
3579
15425
12969
8219
10577
6700
19728
13376
1469
19198
1145
14967
8343
18436
5989
16393
18395
1711
18336
19634
19248
9595
11659
15854
19609
16424
2755
12911
1318
10364
18368
1248
5788
7689
9466
12716
10740
5546
6091
12208
4743
7235
7174
9438
2022
9515
2182
416
11225
16869
49
10472
2815
8060
2678
2424
4483
5432
15334
2152
12147
10054
3400
17934
14094
9217
7001
4833
14762
13091
13392
15857
325
16917
5294
18698
6431
3827
19114
17655
17048
19162
4479
19862
3573
7156
2285
8055
12587
13971
6559
1085
376
6310
15370
10821
15526
2370
15653
6640
15460
5396
2496
12136
2312
4141
10833
8743
4319
9946
2749
1366
5460
7227
1228
9032
10734
19864
13439
19672
10186
16349
756
10561
2658
16125
1381
14535
18494
13385
1174
13953
18780
21
2440
1092
4161
13273
6186
4832
19570
8934
6197
5029
16161
3776
10413
6894
3640
3851
6566
13825
199
3673
738
19208
19798
18470
13742
18291
8207
11268
8596
3338
7640
11035
781
8153
659
6966
12984
229
15900
19180
1609
8412
2956
8373
11657
2947
12223
14574
13123
8773
18247
13860
4332
18044
8682
14426
12686
16888
5693
17633
225
13332
5020
1006
1484
5678
4323
10819
2258
222
9999
219
4985
9306
8591
16642
8604
17166
7567
1726
5938
2165
11938
6622
16560
619
1047
9246
13858
3091
3230
14082
12774
8249
11439
10610
13927
15762
1428
12536
12335
11426
12754
13672
17083
1345
6665
5686
18510
14231
7412
799
16396
15701
7420
12955
16319
4818
18552
10176
7908
1782
609
682
10030
8400
11291
308
513
12718
12844
9199
496
5597
2870
13930
3293
9534
15968
18154
117
19731
18953
16512
15431
2724
5818
11749
7542
722
18276
11801
18855
15236
12482
5236
3635
124
5544
4147
9194
18387
9698
6041
335
12567
16322
3628
2101
12289
1781
2217
12019
17085
15080
7449
16161
17249
19197
3702
14322
13824
11854
13176
9060
688
14764
9046
811
307
13193
6356
15045
2890
8748
15379
11808
5070
15358
10260
17358
13491
12476
9377
10575
3907
13177
6735
17508
8726
6788
8181
2549
18642
17709
11608
15681
12472
654
16491
12778
10198
19199
4174
9439
7946
15904
17598
13015
11262
7858
6725
1104
16685
12453
11678
16944
5629
14765
14451
14354
17904
18983
13255
12897
16691
1214
8577
9162
18219
1420
18291
4768
618
2464
10558
4915
18368
8156
14282
5981
16013
1006
7084
12697
13458
15113
9640
15438
6229
442
6144
4133
19425
19398
13381
12467
611
1958
1629
18830
19729
16271
3597
346
18735
14155
1612
13454
18662
15893
15786
14674
16898
19221
3722
6707
10685
9714
18497
16914
10155
4640
17398
5931
4037
7130
18398
999
9087
16378
19828
8815
12648
19777
5512
7734
10283
3476
1187
8944
19368
13324
3617
12618
12544
3690
15676
3229
13403
14172
16494
19910
18811
13891
5840
19199
1020
589
198
6459
16966
25
11625
5966
16153
13489
13699
6435
16964
11238
11730
16331
4561
11698
5300
17105
15388
976
16685
8790
15147
13178
5051
10310
3420
10891
9508
791
7831
9705
3601
1149
6082
15226
7114
18586
5066
17164
1373
2029
8401
13102
14711
12962
4800
11
6418
187
986
3102
5328
12484
12631
10379
2793
16050
17621
8653
13192
1803
18357
16793
2951
790
12018
6416
19376
17083
3580
748
15463
11980
10201
10173
1293
15000
10183
7710
11538
7520
10811
13218
4
19793
19948
19148
15842
17568
7800
9034
15722
6157
5826
18673
3298
14195
1440
19025
7629
5019
16124
3091
13351
6325
9615
14643
1324
19798
2353
9214
3669
9515
2431
3672
9308
2378
2820
1501
16297
10619
10534
12018
13127
12711
7042
12777
3257
8482
11801
10885
9852
4277
10327
3202
10601
19942
17845
8276
16091
16549
17489
19759
6063
16271
19783
11722
18648
18954
13223
11296
9572
108
19666
19051
9171
6707
11827
12427
11540
19979
3312
1392
4255
9990
945
11207
9931
15141
19483
2373
11689
13323
2132
14104
5946
18266
5825
945
17219
15399
12241
3142
11859
8258
2192
1029
14964
10370
13455
2856
6701
13118
599
7307
3108
1543
18514
9390
13036
14348
11763
4724
4022
10246
15179
9967
8511
1004
7264
2081
12754
19504
5222
4612
7761
3766
5640
19076
14135
15447
18283
17187
8564
18881
4494
8023
16776
3007
17413
9811
13706
5527
10886
14079
12124
6065
4046
16986
3420
11309
19066
16173
7164
4287
17137
11276
8052
2776
6703
18539
18222
4986
15725
3138
3866
16570
11160
16993
19576
4924
3155
9633
10450
14041
3712
2573
105
4109
15910
19876
11769
14975
16048
15284
15614
9536
6559
17
12312
9613
14907
6885
14598
10632
10022
14816
7201
17534
8160
3129
2457
11315
9113
12907
5355
9176
11831
1811
13284
7741
1686
1404
19067
14085
16687
11032
3621
19597
11049
12284
9210
5955
15520
159
12938
1894
14974
16491
19427
3134
15971
1883
10800
1435
11141
16154
10611
19324
14316
246
3416
16001
1650
2482
6437
14688
13514
10057
10637
914
18692
19846
3220
14212
16356
12510
16105
7682
9000
11883
7167
1322
13765
17966
2756
1258
10471
13366
16933
4786
13612
348
786
11613
19181
3574
6300
9046
13631
16936
9959
12322
13133
9531
6533
9489
2040
18989
17170
7391
10871
688
8712
988
18653
11467
18597
9123
1185
15529
10260
14796
15876
7397
2760
11408
10970
9059
454
4600
2347
6764
13274
15479
16294
16158
1319
18333
15147
14840
2075
2369
15527
10786
3356
10531
18605
1952
16005
19789
13832
6264
10936
9707
13660
13695
1115
4630
19105
17920
9229
1451
4683
18854
13282
17329
15012
14600
12013
10158
5792
14088
8878
17670
4873
12234
8201
3477
10537
4205
19617
4369
10469
10552
10427
480
598
7893
5109
19703
5812
10690
1153
6847
9543
10786
4175
4554
1738
16187
11063
7529
10274
19941
5198
11499
8526
9750
11327
15414
13955
10944
19782
775
17847
6561
1254
18445
14453
6363
14499
16617
17052
12003
3463
2946
2789
7637
7500
4526
175
14914
8406
6801
11206
13603
18299
19731
3353
5977
15145
13659
13272
11278
14433
7471
14190
12038
5915
8643
18400
16765
1611
11803
8767
5073
14749
11555
9061
18600
12432
9235
13513
837
12387
1071
10792
7037
801
14144
13014
12297
4154
6285
19927
18586
13755
14116
6975
16021
19110
5375
9137
720
13529
17904
2144
4629
5810
11204
19580
18242
16791
9445
15430
9177
10515
6221
16214
7667
16716
5579
16316
17221
8215
16242
12158
18322
6709
19133
10694
2171
859
19831
19242
14387
17734
1386
15368
3543
12589
14947
18136
5731
4391
9918
11260
14905
12490
7473
18924
5558
9403
15239
2778
17617
7832
14936
15938
14540
14068
6632
13062
14926
6462
12304
5664
547
13689
17383
4089
2629
12330
18577
8360
13072
4846
19619
4329
17335
3443
3252
2892
12845
18490
5670
10461
6321
605
2751
17212
11024
9382
10274
2301
12195
2577
4316
12741
12617
1699
13181
15245
14028
11757
19956
7099
12954
15926
11427
10289
19368
11030
13180
8564
9519
15201
19025
12191
12157
1775
9403
19532
7508
19676
1832
19702
18604
6148
12442
11220
7846
5622
2816
18225
13731
2772
5323
6684
18697
13102
13324
14417
4131
2856
2980
10002
18056
2004
2192
6565
130
11594
6096
3989
7621
4280
3690
2576
10427
12483
10147
14624
18105
12963
12848
8187
12086
14522
11222
7134
3975
4546
1550
8106
7401
4530
18107
1808
2885
16650
8372
19367
8244
10820
3355
12216
15099
3397
14792
1877
15879
4938
16500
13983
17900
9347
18521
6337
220
9743
13471
4195
10640
15020
12300
14392
15901
6758
16199
18786
3407
923
14504
8002
8094
17858
218
3192
1254
15009
5068
17133
16298
17919
7467
10550
3617
2340
16886
3836
8434
6708
8030
19073
1728
16681
13464
13980
3438
6014
12765
3197
6936
3620
7550
11381
1478
7767
14572
19083
19127
15991
12567
11777
10261
16386
2326
13877
18725
15563
17713
7158
2271
5742
6230
350
2423
16045
14329
2212
2058
7094
1760
5346
10713
9310
16726
8542
13428
7650
3977
8907
19992
16543
683
10253
12928
3008
4129
8004
14922
1841
15161
17192
3935
17742
17541
2709
13786
11870
4920
12196
15315
3032
17541
2379
12341
10618
7273
5768
18267
11249
11026
18259
7791
11708
4863
17071
11067
8991
1426
5989
7184
16587
3180
7470
10680
17073
10178
818
8942
11449
13013
608
14480
6905
2986
3172
17522
10258
8940
15789
1506
19965
10399
5649
8025
15261
19071
19091
603
496
1431
4138
13434
963
11607
4114
18035
18136
1283
3328
9585
10647
3935
416
17551
3272
3588
11424
13530
8879
3564
11387
5195
13962
13387
13219
5574
12457
8662
2529
12953
10092
6666
2738
7406
18273
3203
5440
12760
4485
5119
2344
15131
5405
19112
9033
8677
2699
457
18558
11577
4020
9944
16771
17982
19683
9990
19907
12139
15003
2435
1443
1446
9101
4181
8852
3725
3735
14291
16484
8220
15762
15180
19702
1166
14291
8735
6194
13341
9191
4751
4917
13210
11047
18039
7543
10729
8028
7450
19219
19382
9884
17014
828
15336
17546
9679
15412
1280
321
11896
9499
16082
3427
9201
13600
14069
17935
19793
7409
3477
896
8677
16686
11942
6715
4229
19022
11095
8030
14592
10476
14265
11605
11303
9601
9150
17333
5012
10430
17654
13259
16280
10087
13037
1832
3686
3457
16118
19831
7217
19594
17078
15893
12632
5371
18960
16860
4392
10054
1241
15335
16881
15505
6940
4536
1457
12441
1868
2821
19222
19521
12431
15502
5960
5468
13685
5997
5276
9803
5827
12493
5748
2904
8385
18379
8274
3696
11590
9017
13749
12830
4352
10630
4687
7643
11517
6143
83
13384
8963
19305
9257
1394
11158
15216
3213
1194
1212
8488
10996
3391
980
13096
2646
5717
11474
10920
9412
3064
16288
19513
15893
16991
6494
579
4633
18010
3074
4716
11393
12036
372
17001
9781
7881
12216
9345
9074
9780
14185
16422
13170
11516
9517
15815
13584
17342
3086
2996
405
15726
18860
12650
12716
1705
9580
17349
19714
12653
18416
7458
1041
15139
4459
7173
19371
13026
16518
4796
2805
10702
17569
15974
18569
3437
8141
12153
779
11226
11500
1183
6951
10359
10184
16019
12063
19764
13367
8128
12416
8134
15585
9808
3272
16395
16981
18994
9421
13498
3789
12225
551
1358
4551
15471
4794
12691
7623
5572
268
19122
3107
3571
5832
9642
19589
17894
9405
9307
2373
18173
17440
17958
7980
17063
14352
4960
16056
124
14809
19844
12349
11711
17553
16899
7182
2347
5941
14804
4270
6208
10278
3728
6130
16109
13370
5718
10355
2774
15024
12727
946
8815
10684
5278
2229
1388
10237
18284
1511
5046
14480
10211
13108
12032
3461
289
10730
9401
15093
15000
11961
1722
15079
18090
17830
8448
160
8184
11222
11535
911
8519
350
7946
13796
2578
5685
385
17214
3548
1782
8045
13758
14889
16428
17219
15178
7158
2971
6622
18509
11283
8343
13587
9373
6172
2035
9532
10708
9608
1066
11618
18126
17767
15915
8274
16697
1600
8658
13910
5147
6791
1954
18904
1679
18381
12474
13208
1890
11797
19829
398
3079
4523
10337
8803
7047
12371
18334
17754
18330
15752
5723
12807
9870
1637
1080
6566
3236
6089
475
8382
12879
18780
3638
10910
13513
12463
4117
15402
4259
298
15800
7338
4820
2488
16140
11866
14858
10826
5971
9539
2929
11693
2345
12798
13330
19777
15716
12917
5865
16190
1299
15096
11322
1288
6005
4834
13750
6473
235
18009
6770
12386
1698
11590
14873
14189
19807
6082
1366
2130
15620
646
13822
17965
13444
3503
17741
9159
12772
19957
1700
10422
11404
13021
11709
13760
14206
5458
233
14441
19818
7002
3178
17867
14943
18051
8408
14750
484
9773
16879
16104
10419
7052
10420
214
6907
4512
5724
19678
820
3775
10099
12224
13148
18159
5983
7353
19968
2567
18145
19786
9569
1323
14004
863
19373
2411
11964
19856
8536
5194
12311
15306
12246
2730
15519
15504
3593
17594
15181
4413
1368
1631
12988
14515
19789
15322
18220
19756
17889
16364
15893
3809
17686
6249
4671
13410
8659
16635
9618
17194
1828
1928
12499
10425
1010
4369
5928
4602
1962
17460
5366
19682
15442
18353
10548
15230
13675
5119
11338
7915
1483
3582
11723
15520
9830
12745
8930
14841
5731
18547
12034
3911
16826
885
14335
17835
5253
16615
18789
3567
10426
506
19600
5868
18859
6499
17449
8885
11618
8786
13151
13100
8720
4873
8619
18549
13969
13900
13389
19700
12446
1775
19962
5624
19011
14296
3458
615
7262
18598
533
17688
19104
132
3555
14314
6631
1003
19550
14600
6141
12700
7699
14860
13924
12669
9760
7892
2921
19501
3943
15366
17627
3904
17341
16637
14552
799
17251
18165
15748
17784
15852
11203
14267
15758
5516
17249
16761
5065
11848
19253
14116
15898
10464
8039
8567
16575
12283
11487
16075
16225
3204
10053
16481
545
6689
7384
17695
292
5548
9794
14427
17752
997
8693
13509
6512
2294
6621
7929
14141
2225
2044
10039
12688
10083
14957
9263
2365
2795
1689
14941
2350
11742
7773
19246
14782
11508
13292
11425
17056
3086
2203
11159
4082
7248
4667
6945
9541
7640
14873
3681
9864
13269
10071
18904
3351
5027
8166
2067
4173
6206
13359
6523
14299
17484
2120
5433
8991
15412
16857
2398
18497
15412
13556
18930
2659
14575
5874
12199
18566
17099
15879
8429
10367
2302
3684
10069
3680
8201
8487
7853
14407
1845
10727
5057
15680
12846
10489
4671
4609
3698
7068
3105
19109
16976
18386
1767
11550
4260
13965
10115
17710
6195
14895
8076
4848
14931
14496
8528
3131
2982
16380
17537
1178
3458
2594
16858
16303
9434
1528
17264
13131
4947
368
12239
1922
15106
10357
9823
15717
673
16289
13426
3220
7536
1501
8067
2466
15996
16594
5596
15329
9325
19485
16506
12782
2078
13363
5437
11511
11242
2700
994
12541
19419
9584
10814
14524
19941
637
6592
613
13277
17
3832
17164
17869
8251
19629
10216
4844
1577
5544
10521
1061
18402
3302
19490
11764
5090
7352
19358
7789
8345
8250
3560
17929
19063
14435
14221
16051
1027
14833
9328
1043
15017
6491
15264
3267
2472
5479
4462
4048
11023
14982
5108
9424
18284
949
17539
19725
8300
13248
3866
12997
1497
7425
10925
560
18211
5145
16610
19237
16329
2289
16632
7697
5132
11895
10963
7603
17373
15425
11650
4747
10406
13109
10522
5041
14057
4413
1118
18708
17660
4983
11704
15509
8759
18980
12420
6969
476
9029
2558
16805
7670
19189
4501
12801
7435
11816
403
1159
3592
8404
5906
13997
17864
12779
15390
11920
17191
16507
6979
11203
1489
18683
6711
10247
17662
19130
13567
14490
4510
16124
7646
12179
15312
8498
1331
19098
313
18085
257
3904
6488
2514
14253
4351
15292
5994
12622
12483
2500
19601
3685
340
18283
6747
6938
12296
5876
504
3137
6737
12980
10782
15268
8291
19280
16598
7389
15944
14683
3997
16200
1170
6510
10452
1873
1801
12797
14494
10635
15296
10446
10671
11987
5080
17417
15276
13728
19644
12131
16864
6381
5110
3998
1648
9753
3277
18245
13493
15572
9279
17489
11771
6801
3998
18574
8673
2150
11370
19518
12785
3017
9964
3455
11355
11395
872
6630
5122
16867
18761
18338
3247
222
2335
1246
9974
5611
19491
3466
17534
8769
954
9305
15569
1303
4230
593
3453
15600
111
16237
14968
6426
16043
6323
14172
13266
12952
19294
10133
8064
13983
13379
4638
16317
14625
14611
18279
10467
14429
15812
15587
11734
1468
7508
13037
5698
8100
12841
17649
4562
5429
12616
7339
1471
18938
1511
14737
8242
17156
4869
12657
11138
14599
17294
7454
5575
11905
2084
16041
2685
17895
11628
14418
15715
19135
7454
1412
3586
16646
19060
8148
2074
11675
11838
19897
6965
13348
10985
15206
6855
12205
7862
14344
6803
5156
1797
12378
13412
232
4770
16096
14479
12749
10513
10193
8235
14319
11604
11821
7316
7015
16320
5742
15041
4509
5638
2005
17857
16622
17210
1063
5178
1424
15407
11980
2931
13555
709
16342
13787
1831
8789
8265
14579
15653
18457
19166
6323
6412
7338
13639
9778
9
19380
4818
4517
1369
6823
18725
14342
384
19788
19519
1807
15194
7850
4737
8748
4911
17430
18886
6741
6218
3502
17671
18223
1958
13188
897
4721
525
10887
14498
533
10266
15668
5050
7986
18842
3774
2327
19225
3561
18197
1032
15106
6047
2120
206
7309
19550
19091
10401
2119
2593
4423
341
902
17611
1238
1975
18135
12124
12824
15020
18742
8491
16421
3079
7332
194
1758
2909
107
19954
3940
11564
2352
6059
11769
9660
1960
7212
60
4079
6156
4483
771
3409
18445
18360
5383
12931
6836
14559
7950
5577
19401
4370
5007
3085
916
6764
5993
17374
6718
6284
8937
9069
8694
17058
15081
10654
4269
15140
11084
6776
15974
11854
10184
14418
10214
11919
7349
17049
2829
11650
18977
2229
16020
3983
5313
13287
7099
7657
10660
13816
13940
19596
19236
18986
16653
10668
5991
17273
2160
17074
4048
18133
8927
10584
8903
15492
18854
12603
8892
1682
4252
7868
3910
16623
8203
5575
9909
11653
13231
16920
1820
3523
16516
17407
2508
9520
8075
8498
3145
10234
5571
3544
4718
10849
14127
13620
6341
9332
2574
11584
11013
3178
19452
11275
19800
4006
16849
6061
12010
10079
2980
13829
9953
15847
11235
12460
1719
19309
17309
4863
5894
2879
8406
10612
10080
18885
583
12772
8216
3157
4355
15581
6334
158
6855
2485
515
3703
4897
12524
10133
4229
6352
86
75
13939
8897
18145
13247
6206
3007
15493
5436
7765
6104
15515
6649
6686
8286
11216
6194
12641
6796
8879
9150
13650
7716
9665
13704
12612
2188
3837
16840
4892
274
13267
18830
9170
11411
12076
11727
10770
7568
17163
18534
10023
12677
1534
13061
17315
12749
19254
6307
19545
4485
15456
9546
12200
5120
3250
1163
7308
3438
14355
12199
63
3973
11028
9232
11735
19455
959
2504
3375
14473
17389
9749
7149
18922
2809
815
8023
18415
7121
3919
2899
2577
13464
11450
7696
13065
8964
11355
12854
3318
19905
12916
3642
7284
2148
15377
3091
19458
14232
6465
13930
11621
12565
17430
6894
15374
18245
14916
13788
1717
18834
13038
4293
8650
839
8341
18066
6154
16047
10920
9472
15952
3835
9465
19587
2334
4841
2677
18143
19073
5493
12072
7045
18058
5854
13938
9783
450
5206
19922
2166
391
9311
6459
5392
10149
11151
3458
16302
7197
14377
2125
19500
14563
11590
19087
16897
12782
1763
15039
8206
3608
3463
15250
1665
5668
5540
7799
6117
7097
7720
4634
3839
17030
7444
9231
7178
18594
12688
19831
5791
3416
18308
1642
17978
6249
728
11226
15382
18843
2617
3588
2450
2431
15189
466
4450
17080
8264
10566
528
12335
11551
4367
9364
18995
13597
12893
17588
2636
12723
19730
6051
7382
1372
380
9982
18451
7958
5364
13645
6926
5303
12446
9356
491
12911
10157
13923
17526
722
14450
9860
8624
18816
15575
7618
12412
8467
5206
15047
17542
1287
17449
4923
19010
14181
14905
17461
2138
16620
11105
5415
1922
3551
14770
2412
12813
4926
12686
6691
1999
7136
12902
6974
5951
8477
14592
14715
16943
16149
9761
14484
17435
3562
15759
12797
17742
7015
10257
16231
3634
17713
1645
5555
17615
12766
4318
6780
14043
17004
9822
12393
4139
2723
19366
6441
7551
13957
1155
846
6457
7268
11681
3892
10829
3791
13040
4922
10805
3296
17504
14438
17360
19148
16344
11327
8265
17014
18106
18659
14017
7927
11051
14507
7001
6768
947
10904
17077
18454
8101
3533
5721
19781
3776
12901
3572
16815
14174
10728
16462
8029
1518
13822
3528
17861
5148
11792
14874
19605
10450
5242
3883
17852
19748
7235
4619
17047
18138
1695
11852
6238
1580
13924
2371
5355
3176
2294
18522
17349
13021
14983
5377
14538
5156
8904
8751
6655
17047
19976
6259
3848
5218
6493
1699
1317
13728
2669
14715
8217
716
6566
10807
2295
489
9529
4001
3664
11822
2522
17364
1194
17505
19092
12084
2660
4347
834
9315
1393
17161
11925
1592
18730
18418
3290
47
8497
2311
11113
16713
3026
17679
3871
5320
14519
13399
9320
14535
5220
11842
11898
6414
5698
7342
18497
8357
11688
15682
14023
9433
12842
2300
11024
7924
717
14314
7970
5565
16624
19082
2277
16001
13112
6148
1320
3983
19546
6991
18517
1118
15184
6766
3883
881
14107
18731
5590
5795
10764
19612
15227
3605
1911
6250
11528
18979
16915
15849
4543
9890
11283
3172
5890
746
5671
3561
4728
1568
10552
19596
2685
5735
6362
6567
6616
468
1649
8557
2614
12412
8168
14192
12369
6431
16794
248
1761
10060
16097
2656
19950
3731
5827
2191
4476
11497
2104
5556
13064
12655
5151
12101
14741
11512
15019
17708
8332
16668
6264
7297
9079
10784
1489
1447
13566
18282
1695
15326
4693
14143
14333
4642
14225
159
3185
15052
8007
5288
607
17423
14294
2110
9523
5386
9973
4541
3094
18304
17560
5709
1953
6639
12844
3441
4437
6409
18074
2483
18087
2766
12977
12419
3760
7201
8930
3296
2253
16936
4935
19211
14358
19228
1320
232
965
11293
4773
410
5948
2332
6119
7900
5322
15314
7692
6111
18075
5765
8593
16161
4883
17922
4931
4994
5122
13860
8289
3726
7148
9575
2937
17857
5154
4256
18089
6118
11900
2861
6528
17848
1544
8998
5747
3218
4311
9791
9328
2385
15555
14272
14897
16789
8545
16180
18134
13667
10039
2774
13744
13538
12348
16680
11395
17501
17288
9483
3619
9187
8695
6498
7034
6590
11847
9133
9807
12509
18923
15486
14894
10829
6110
6142
3970
14654
2321
2103
4672
8712
4877
18416
2249
17224
11447
9995
11077
8734
19477
14695
17921
4523
17544
1306
11113
9390
6790
17271
1898
2064
12757
13143
12893
15218
15637
13214
9871
14309
15316
10895
3020
16544
5662
1621
13768
17108
7967
4844
2194
3796
15890
16466
8318
9785
14123
19430
15526
913
16701
13775
2976
5809
3270
12220
1026
18906
5433
7248
13214
17101
14494
12586
13644
155
10558
7411
13615
18524
8606
12160
2319
847
8625
10637
6983
2747
6418
2508
11
19470
16283
2987
5278
15904
11558
2655
14809
16991
9903
4374
14091
748
13311
7734
17255
3868
11497
10869
2392
16454
19380
1062
13653
8004
11698
635
7102
14468
19495
3465
13937
12129
6451
15567
8032
14360
18221
2840
11350
4475
3565
1792
5223
16876
5878
2477
743
17374
9697
19486
10179
9076
548
3831
13431
8597
818
532
3064
312
3996
13353
12440
6798
8919
471
1158
7139
19662
8859
11614
3226
10651
13188
16453
16528
15664
17196
10253
1712
13033
16783
10787
9932
16966
4217
18529
17783
1100
17944
14446
1448
11296
3237
8245
16566
59
5754
3705
19720
10965
11670
19297
17967
1209
12102
10846
16872
5649
17450
14935
18681
14232
5721
8613
11197
9937
3493
8979
7388
1436
19776
8835
9084
3012
13432
5649
3070
19185
5705
19141
6501
13726
14790
4467
14934
6891
11664
8157
8891
9113
3091
7571
3345
8811
12535
10893
15099
16027
19872
2487
13815
15999
11321
2898
19011
4752
4898
18432
289
10603
13925
3141
680
8714
3960
15614
11956
15623
3770
846
4736
6861
4768
4432
15671
17303
15324
7122
9681
11547
9608
19847
7546
17280
2744
2908
18384
3994
1339
15024
10948
11615
18164
11627
16680
2123
7240
8635
17746
11010
5832
18833
14222
6952
3264
6244
606
14939
13365
6638
6486
19324
6485
10383
12956
5580
13290
11339
9573
10980
6362
520
2595
4525
12147
19274
6648
15738
4261
745
3099
6444
19577
17320
13395
19192
3564
10352
14130
13280
16990
615
12604
3474
10997
5559
9053
638
13249
18626
11618
19610
15497
14212
486
3995
9837
7133
19733
14097
4229
2831
16893
3805
16503
10287
2996
66
16991
17126
9697
13980
14092
2300
17453
1441
4210
6505
2078
17458
1482
13695
17067
16979
4258
17553
973
14095
1037
17057
4543
5266
19888
1435
5422
12742
8074
4770
9159
5064
1895
18855
19043
12338
1155
16495
13778
1716
19351
15856
19174
833
9550
12592
17811
13808
6496
15135
4254
7533
12192
8796
9150
8431
6583
10923
1172
14656
15692
10330
16071
17586
5536
15113
6276
3042
7959
53
4758
3661
15908
3931
4493
1810
12874
18655
11969
19370
13790
16222
3254
2333
5017
8755
10763
11599
19677
11934
2606
15369
18615
18676
9306
4150
10140
15581
7192
14450
15634
8301
14463
7893
12231
18955
9702
1456
13962
1670
825
4103
14243
430
6435
19260
9184
17197
7210
8861
5482
6168
4229
4096
1195
13534
4597
11335
5467
8140
2136
1100
16440
16598
5344
5022
11905
11398
6478
2218
9419
3654
6320
3662
4084
12754
19273
13267
9950
2834
2127
11783
9001
2707
12230
10196
12593
16826
17882
18059
4966
16369
15510
17757
9319
853
2779
1223
8602
9256
19792
18021
9261
6111
1682
13344
18864
17306
2963
5165
139
1441
16947
5492
4148
5528
15687
16740
2353
9920
14798
3670
2640
10307
1427
11958
7511
557
9532
16113
9812
9323
14133
15424
15433
12166
8768
10648
5823
8082
12164
5961
9522
5462
7804
13669
10989
19842
6760
13342
9761
17909
13363
12401
8215
14789
710
12078
15345
10242
8190
1508
19564
18674
13284
11349
7191
18403
1996
13013
6484
10512
15325
16005
15973
3129
6026
6962
2970
9137
16655
12731
7046
10017
1483
11612
1158
2192
3689
12854
8785
8230
10714
8349
6903
3997
16049
14093
2399
18044
3457
5234
8555
18782
1238
880
1910
3615
7841
4879
9104
4495
13961
16149
10863
11795
7760
8372
10339
7801
1226
19123
12382
11939
3823
19285
12287
19871
9729
14685
14267
9538
19918
19173
8319
17507
52
6580
17474
4244
7810
6577
8738
18123
19077
15953
6269
3188
4324
16607
10988
5549
12082
3370
13839
15904
19006
6125
12127
5086
17161
6393
14623
13430
1917
19293
7289
1969
2224
4762
6212
10034
7690
11302
4508
6766
3606
10776
9953
7929
7383
17293
9830
19464
17014
20
11719
12371
2497
3845
13808
19657
6589
4783
9439
8506
4075
16727
6826
2651
17840
9389
12684
5529
17042
17191
8646
647
7966
14950
4928
11700
12242
11109
7515
5607
11128
19234
14329
9976
19430
8137
9633
6019
12919
15423
10876
13345
12149
14053
15995
9988
3441
5030
11868
16835
18572
513
13833
2890
15462
18760
14589
4056
6220
2104
9662
13700
17689
3991
3675
17118
8479
9659
19488
17749
5081
10363
7445
17229
4415
19792
3568
4208
4821
15435
1042
19745
15947
14874
2634
11409
9986
13574
15464
16205
12029
1477
9904
9717
1819
13579
6835
6649
19589
6322
4397
4670
13037
11842
18250
13803
7985
1818
18010
9157
17252
15403
8901
9551
6629
11534
17311
16614
1460
9126
9170
13488
10602
19074
3205
8773
9004
6391
15421
8592
9064
19818
9613
2100
8011
7863
12255
12347
6032
6616
1503
19635
2019
10404
9185
8647
18289
6495
1612
19748
11972
10781
9588
18926
9854
12792
7698
15209
19182
3118
153
4597
19287
6117
3049
3649
13979
15303
15995
10
1918
17498
19645
3936
4253
5181
8934
2541
8028
10545
18641
19999
1326
8228
18924
7531
17371
2973
19092
12904
6091
15596
17500
1729
1712
548
1730
15691
15850
17724
12052
17768
11573
8048
18055
15825
13229
6989
14718
17608
13885
9710
17606
11562
14289
12882
19093
11659
15854
14536
4562
18296
10131
18413
25
11842
18961
1754
7532
14810
15829
15936
8929
3754
335
3336
15930
13563
6676
6999
11170
560
16708
5128
12122
7348
14361
7566
19006
10214
2101
19919
8510
12231
18332
4886
4072
17292
2991
7956
8453
18819
243
13734
2572
577
17069
18502
10492
96
1852
18013
655
18560
3140
9128
5907
13852
13045
1265
4066
15145
1183
8927
3727
15866
13812
4151
13157
16802
8458
17962
11972
8700
8047
10896
9276
5115
5749
16119
5210
7600
14132
2216
2511
13623
7696
8418
7475
740
6034
11540
12237
7216
16818
15963
3082
10629
16465
12590
3782
4922
6903
15753
13621
14949
3000
19249
16415
8748
15367
17976
12700
9498
16544
15210
19473
4239
3627
6947
1330
6012
14838
13566
13228
11655
5881
12661
18635
2345
1602
2416
7267
4857
14520
17239
19805
13872
16487
12572
2619
8206
10547
15318
17703
3442
10528
17175
7680
10506
473
5362
12870
15310
18927
2449
3316
1159
15109
1950
19856
13062
717
7122
17918
15237
4360
14075
5460
17199
2998
8078
5404
9896
19748
19458
13338
6627
12985
17369
13484
13457
2730
6353
5119
18009
8801
4786
15519
261
6736
15374
9675
7452
2495
3944
19040
3207
14370
4499
16757
17367
8929
18512
7263
5028
17969
16952
11654
7305
14320
1489
17114
13402
7842
18584
11410
12994
3369
6928
9607
10104
2302
19281
13908
1148
3224
9299
706
17594
13798
17462
11312
19078
15973
18574
4105
10294
15525
12110
17598
6197
13598
11063
19598
17791
9646
7359
10785
13015
14286
391
3118
12939
16023
13377
10439
19246
2676
11144
13191
12825
4958
4503
11902
17282
19428
12358
7575
11305
4467
1525
13853
18064
12587
13450
12207
2233
17160
2991
11599
11445
19733
11068
736
15755
4445
11174
11352
3472
18669
895
16296
3626
5397
4549
908
1176
16906
4834
8832
17724
6358
2684
12139
15297
12485
4345
13881
9644
3687
5479
17441
3419
16546
18176
15525
990
5701
6877
4461
4369
7771
17108
4347
9519
1656
5254
7046
14913
6439
15878
12636
12797
14913
1127
4445
7398
5471
18325
13393
9158
3803
10833
8928
16700
5360
4453
14042
11060
11329
14854
11781
19099
11962
12479
4969
9969
17732
12014
1234
4170
7891
13869
13318
2804
11347
17762
6553
16818
12438
19945
2327
12592
10778
11254
9292
12489
15706
3333
19901
3386
14538
8033
18836
2851
511
3804
12820
14594
15818
14053
15115
60
4273
8433
19215
15620
2546
5767
8789
14984
5712
11115
3927
12841
2368
13218
1681
14426
12902
1581
14163
7440
9613
12999
10290
10123
16802
19461
4716
8971
9865
19831
9031
14138
4615
8245
6109
7160
14012
14897
18495
16075
6011
2422
5267
4730
11991
6947
15507
4893
8528
9670
8684
14492
2668
15325
4615
15821
11138
5682
4792
1002
5512
13822
15139
6478
18418
17599
13638
12429
12495
8484
4855
14857
7257
10121
19587
19248
13420
11445
492
18299
1114
5527
12790
133
17203
17404
15954
8340
3086
17097
9342
4949
10918
832
11427
9335
18431
1416
18116
10925
6251
19322
5782
13508
9443
1720
9107
19214
9516
5950
17512
6982
11476
10301
7114
8678
4057
19419
17018
3494
16515
2711
4794
3784
3542
16220
13119
1972
13987
7586
9249
238
6907
11382
10097
12701
9453
19203
11914
18968
1504
5777
5949
12979
16078
9415
18008
16486
8833
11377
19979
5348
14087
4772
9131
17629
17344
18601
19600
11330
6186
5200
7919
9445
16581
18015
2145
6033
13569
10411
5001
15072
16187
10949
4402
8616
16715
18762
5101
5548
10138
1431
7247
4225
2555
12729
18205
19898
11330
14156
7579
13867
19356
11850
19663
15936
6216
1808
1969
19785
8570
3321
11208
4756
10621
15610
9724
7336
14371
14824
9235
860
12607
16481
1436
15161
9209
19640
11410
16890
10148
15340
7109
9503
3541
6771
1790
9757
4930
110
9541
13499
3430
748
14607
10403
12709
4330
17738
3431
15505
6972
4291
8111
19804
5726
19623
5364
1718
7384
2254
11865
19076
9362
17719
2616
12484
15860
12372
13766
15970
18264
7264
15751
15364
18222
6153
8072
2551
242
11503
18056
3565
12145
2518
3368
17870
18493
8732
19587
5876
7337
7803
1303
13050
5521
3919
5533
1381
16290
19298
13702
14554
2914
9452
9917
1135
11957
14340
38
12198
2194
18093
12115
14338
16962
15482
12208
15454
565
8146
17682
7901
15949
18984
950
17821
2902
2835
19201
15544
18484
9254
6449
1397
18706
12717
18884
7014
3408
18921
15563
5602
13365
7677
19939
10326
19511
8498
2132
75
16644
19813
4328
8944
15148
5277
6764
14402
4463
2317
9945
2947
11570
12745
695
6627
1813
19578
13640
5220
18498
9203
10821
11862
13231
10760
18540
12741
19257
671
9168
12252
16835
13495
1195
11982
15123
7959
2735
19586
10275
9031
2532
18196
1775
19578
4823
3587
19156
18462
5159
17653
4016
15979
5867
13599
3090
4406
2691
18699
5076
11858
10950
18262
1704
8497
6595
16827
12807
9330
12764
3081
18360
11647
17628
16487
11224
2450
16425
10379
17264
1583
4384
1279
17562
10250
11229
17003
14655
13920
15701
16082
5777
3003
10695
7481
11499
17289
659
4305
6618
13422
3737
1330
5068
1364
17816
12643
166
14240
3022
17429
15823
7405
15059
9736
14006
6288
6738
5012
207
2439
1093
2335
5441
8139
6167
13291
5427
6825
17595
8397
16598
17683
9726
18017
19046
7541
10660
19211
1780
13681
12991
17602
17437
8050
7337
11442
14337
10427
16453
10895
12865
13897
13229
14657
2035
15748
7947
7461
2572
1893
12209
19170
19575
1934
13538
18620
9474
4197
14183
7606
17877
7173
1559
15313
11574
8896
3106
2262
15674
19558
9508
8538
13454
2737
19546
11840
14836
7492
15653
17407
9384
7861
12928
8958
9795
6466
3929
15620
10662
14463
3225
4891
17988
4784
16555
5913
10031
19661
8175
5704
15570
17682
10593
9024
16770
10138
17215
11605
13981
12867
5364
3364
728
14643
8673
6874
17460
8953
2493
4474
19768
2070
9364
17755
6853
2270
19
16883
1930
8193
18938
17500
2227
9530
2875
18996
16019
89
6953
9999
9308
12316
9714
10035
3310
18386
13260
770
3690
15752
5243
3457
14173
14606
17563
1025
16875
17582
14259
15157
5774
9548
9008
8000
19077
11882
3348
11447
8322
10300
1445
17629
18967
11158
4015
2276
5895
17274
3045
9585
9378
8287
13041
3550
19244
6956
927
12471
4537
15185
3979
6662
4733
12986
11014
161
1219
10713
11608
9540
1012
9404
7169
16330
562
7535
18605
6456
4809
18002
12392
10538
2640
1785
14087
18236
8740
15013
7058
13276
6550
11036
16289
11282
373
7302
7794
1591
18014
15753
11130
15377
5157
14650
11706
2070
2185
6663
4877
3345
1016
17269
13882
3655
19053
4320
1890
7792
15685
8947
17419
2234
16334
10059
9867
16706
13713
17660
18296
8078
9765
5778
3455
14921
427
11512
13342
18963
14526
18218
18659
15541
11838
8892
19196
10890
13212
17437
15033
8896
2736
8803
7481
19069
15214
17347
15775
8926
11358
10422
17003
1122
16199
16809
12394
12978
4673
5735
8292
19198
305
3303
14739
12142
12194
10286
19384
1757
4074
14416
7004
6809
19571
14484
2230
14784
11830
18004
3709
19540
4777
17063
661
976
13872
9407
10305
18544
15141
14948
17741
15445
18250
8831
3939
10444
15468
3322
8552
19542
14089
15556
6350
13659
10039
8579
4794
18221
2934
4854
17760
4063
1917
14772
1390
15788
4178
11694
10683
19319
6641
4775
11115
1243
9958
11405
11686
5425
14726
16589
4966
8815
12144
7668
18825
2183
12598
19971
403
11884
4824
18162
15946
6740
12933
17335
18879
13463
9028
5913
9133
12020
10688
16599
13262
645
8004
1299
6069
2729
17888
7387
7895
6383
11406
3072
8565
4003
3042
5319
15886
7865
19832
8183
10957
9117
5517
6187
2579
10896
12100
11711
19268
2787
8309
8881
19783
16312
6532
2203
15393
4419
9589
19639
7153
17346
19062
15718
1349
2103
1036
13586
6320
17220
18121
13628
6336
3637
19814
8914
10885
8265
624
10152
7403
5284
19032
7185
1596
5563
5740
13340
6333
11680
9330
13486
9026
8392
5555
6726
6846
2942
16663
13165
161
14783
3144
6496
18420
2958
11761
5656
7574
12384
15807
14977
14020
11190
18513
11967
13105
4252
5306
19437
15932
14635
9274
1309
19378
11180
8034
6224
14122
4696
15740
10634
19479
18884
17130
14250
18193
8890
19905
5766
17626
12063
17094
11645
3252
15607
3611
16356
16210
5268
12145
12141
16254
17770
9801
15632
8950
17834
18207
3071
2530
13946
13704
18360
12829
7185
12609
11021
12427
12513
13139
10052
4575
10232
18048
4178
2190
18010
534
18400
3277
9030
6892
19530
6799
16693
11513
15748
10878
9719
15170
13407
17
5226
11766
12845
12410
726
218
1188
13238
9708
7591
14164
16291
5638
18342
18481
3647
15227
13232
3275
4256
16475
19157
7406
13167
7021
3154
4045
16740
14675
13803
13108
19900
5569
5952
8662
6294
2521
9849
15884
8580
17440
6399
4871
3077
1092
3351
3076
12670
12934
2702
13277
9408
1858
683
18927
8879
3836
2971
1970
18510
13125
15077
14762
15045
17380
3423
17691
16253
13271
9926
4832
10710
16324
9702
10139
13768
9404
9566
6437
18689
12267
19714
8097
10477
396
7023
15707
583
6345
17676
15444
19469
9104
10205
14514
2835
9979
8556
19087
19602
18481
271
6663
14804
6324
16801
8571
12080
2718
11360
10768
11337
11073
18864
1813
7820
2238
17519
4754
8582
11546
16549
4403
17001
3106
15268
16187
13084
3823
15274
12685
2303
11896
19348
13458
18219
12500
18381
6650
11570
9740
17418
2906
17164
12633
1070
1335
14871
14940
6088
19804
2837
2636
4206
19837
2093
19473
16023
15177
3295
7648
4213
1949
15895
19912
15407
10466
8764
13787
17115
333
19878
14532
19590
17041
7165
659
14727
18387
15598
814
18190
14786
19801
2396
10974
18246
1868
3348
13422
1515
7348
13986
19815
3242
13898
15221
13707
2661
5359
10822
19345
5236
1705
18934
18628
8869
19592
9706
3607
11541
6871
1797
2678
6672
4192
13651
1269
2411
16998
14690
277
4345
5027
92
7587
18924
11664
17645
17936
17023
4818
17280
18610
6523
16213
13590
11743
12156
3295
15350
48
10166
17146
2725
13189
17689
16375
14457
99
9725
5498
16728
14069
10524
16819
18007
9448
8482
12004
3735
1856
16821
1015
466
3343
13579
14055
11438
2087
13701
6787
2134
3866
284
1211
17054
17972
13937
7862
14422
3661
13359
11149
14082
3883
4319
12088
9682
9153
4091
13416
11008
17264
10782
11473
606
4361
1879
12043
2799
15580
15181
4932
15797
15464
2494
9203
9787
16431
17064
561
91
10423
11709
14172
10657
12380
2612
338
1532
3054
10105
12539
317
887
364
923
1599
2242
9317
4397
14173
850
5680
9970
12665
8174
15524
2452
4604
12587
3012
4694
19361
11072
15218
10017
3451
17829
6706
1334
882
16811
13873
1199
14049
14236
18473
15647
12829
4141
16395
3354
1342
2074
9675
14007
6599
5198
12810
11202
17784
12173
12248
13497
3244
3817
3513
3047
1645
6571
4380
18878
3381
14604
16428
13781
5191
11252
9427
18020
15393
2173
1373
16734
4246
7399
7092
7197
12596
19901
18398
6731
12073
6997
227
11669
10813
3740
11067
8809
10310
11798
7687
10042
6402
4114
3822
7944
15366
9600
5963
7110
11772
3687
195
12369
11085
7287
19565
3680
3539
14315
10411
11964
1311
6989
19984
12124
10728
7402
932
17389
19199
4970
3782
1952
5436
3955
9896
17153
13554
12210
4262
1677
12249
808
10398
3333
4446
9962
3365
4337
628
10127
16300
1939
17115
12635
10414
4195
36
7697
17935
15586
9019
1717
13890
14454
5671
3785
11606
15577
12346
12219
17253
4594
13026
7650
4279
17472
13964
7643
1808
14591
17769
14459
12881
11235
7093
3294
15429
3480
7343
13364
19065
16361
11432
12954
10814
13454
13090
18771
9030
1788
10989
6283
6381
4014
10284
10659
17837
4247
14653
15996
18838
8773
6806
11718
8
13898
11364
11788
13729
15058
1503
12794
11418
9286
2099
18583
2740
15189
17353
11769
13328
4693
14403
19708
5058
4687
6719
2895
5285
17723
15242
474
6496
2048
8544
2855
12297
19907
10994
6026
11316
12497
18819
19085
18134
17269
17667
873
8809
11371
8994
2136
12415
3396
1844
17472
4434
4914
366
9719
2636
15608
10192
5483
17655
18735
8337
9951
14993
19331
12328
6308
8179
11146
1744
6312
4767
15762
3537
13575
7132
12530
15711
15898
12277
13906
13370
16711
18819
10087
2781
17806
5694
12972
3289
19700
8059
11625
6003
19403
7307
14682
2063
11837
2180
3806
14501
6946
19568
18037
520
3051
6918
16230
18949
19194
6487
12318
12256
5305
2404
15036
19463
4450
4360
2751
501
12418
14375
2855
8172
18034
17537
10234
9870
16068
14040
4370
3013
13607
18758
3532
13009
5675
16114
11957
1221
2600
626
13476
4257
19382
8512
3719
183
9223
6469
17035
17992
17195
16242
6163
11580
10130
16397
1450
6197
6788
2171
9209
16746
929
9092
9754
2955
5205
18063
4175
4157
18688
17651
4765
14421
2514
4835
10955
11736
7655
7990
9727
4849
4231
15889
16429
10712
8637
14230
16908
15424
16400
2468
8521
13680
11559
18275
16635
13116
12689
809
13624
7728
14811
18388
2149
17324
3222
13103
9059
10876
17444
15137
12076
18026
7378
4856
8737
16014
15437
1996
7790
8189
4463
16310
1868
16022
10936
14854
9137
19976
12015
19112
7704
6825
17499
6204
4149
17072
19306
9559
4299
13102
4696
16374
11127
12073
1230
19864
4438
16666
1859
8579
1206
6322
4889
3074
18695
12176
17927
4183
12152
6293
3294
16207
13118
17144
2410
13618
14215
18067
19528
18513
11168
4223
11238
2295
12647
8819
18510
13437
1837
16720
2015
3042
19393
3255
6115
18087
11783
394
18621
3934
6686
1914
16492
16155
19057
18901
9772
9623
16967
9300
4487
4487
9874
15725
6781
18873
4543
1642
8661
6379
18361
10675
9421
17754
13930
15535
12192
2064
12280
7165
5997
15318
9078
18840
11472
4487
17740
17596
10461
11058
3247
14948
15544
9472
10672
18676
8344
15214
317
17004
1593
15030
4031
11013
9135
14312
2899
17678
16375
11531
4842
18723
6848
13920
17562
14671
14758
11653
12266
1570
2710
11864
16517
14606
1336
7188
13281
9679
18754
9950
3035
16698
4979
3417
4062
14113
17728
6960
11790
14102
18490
12984
9176
1689
6903
6737
12712
18012
18389
4977
19581
17450
16841
12450
12055
14528
15989
1688
4206
14742
11637
3592
7791
12967
7008
11852
3431
1087
18812
11572
15188
13653
4555
715
11694
7809
7451
4405
2172
2191
5733
1753
15993
18925
10554
4399
13452
6542
6086
14010
17636
14074
13953
5426
3392
17313
13630
6822
18399
8793
18394
9939
2445
19300
10653
10490
7109
18104
11246
9280
16646
16979
7384
12638
12255
17937
17037
5707
831
19474
16068
14818
13548
10020
16595
16939
7332
10224
113
5731
19016
14858
15669
17813
14157
2673
8302
1265
776
15900
6897
13774
12878
10632
6411
5132
4921
19799
7190
5751
19273
3257
16920
9172
9629
13514
2462
13312
90
2574
19042
19105
17431
11062
16917
7940
10087
1571
9204
10862
13822
12452
987
6699
3084
7398
8182
8004
3548
15372
10106
2820
14980
7025
8343
960
16890
10805
14272
16979
9730
9665
16084
7161
17079
9352
15100
7165
7274
655
14378
1095
9459
15365
4145
12542
19114
12327
16897
2661
4050
7002
1833
15381
10378
6527
16341
7267
17331
10612
4246
7061
16628
329
10573
13706
6032
2024
870
13306
19030
15248
10752
8488
6964
14897
17381
6077
3575
10629
5089
7624
17630
6921
19356
8007
13448
15696
11626
7130
2659
15871
10542
19287
12551
1114
9344
14934
19489
10214
8239
18519
1813
15343
3358
8776
10239
739
11204
13813
11367
16292
17788
5349
19565
17143
9707
9364
9191
1332
12845
11849
13554
3387
7487
2456
852
16831
17390
341
3396
1980
18859
1560
17322
2216
6687
3912
19306
17890
17724
7025
14181
11863
8725
10097
9006
18431
19460
14548
16115
8657
6396
9668
12043
10235
12124
12894
3417
9513
13234
3164
11492
8444
4723
5166
7012
11409
9077
6317
5650
3153
9693
19830
15015
18417
6279
372
16848
2090
14919
9314
10746
17667
18981
2788
4253
7456
12034
4021
13320
5267
7184
1164
13711
8258
6329
17074
16018
15405
3390
1667
14909
9435
17848
9924
7851
4126
6647
1050
6216
1566
10363
13313
15584
9344
12453
19836
13151
4486
3856
6471
9752
7391
7634
19814
15648
10314
16887
11665
2070
16629
9683
16979
6063
7530
6902
10265
11656
9900
11315
14223
7817
1677
3887
3400
7372
16339
19587
523
824
3442
3345
6928
7184
10978
3093
2831
17643
16332
10847
19712
9312
529
16690
11726
4411
19943
1990
16066
9843
13304
6640
17659
14981
10526
1059
2352
3217
16997
19226
4040
439
2570
7319
3974
9899
6764
3157
7541
3095
14003
7253
12406
10884
294
4131
15294
237
6120
7711
6431
15776
10702
4089
10756
17579
1499
9459
795
18496
8685
1187
15286
7606
8505
19259
17505
15268
2415
1397
14714
12770
8649
3471
3653
5295
7601
15298
5531
10073
3008
11961
2200
13709
12401
12955
7639
13900
18765
8434
8747
3801
9620
4032
11407
14476
19642
5263
6096
18409
6659
809
11178
11660
632
11182
16954
8232
6479
18836
14656
5838
7148
16855
15898
19548
6161
3536
9799
1278
8321
18545
5078
14292
18928
12836
8768
18570
14450
11215
16978
17461
8375
4507
9120
9006
12040
2425
13590
14870
17612
4597
707
4759
17804
12956
4306
3964
16491
14105
1593
1164
9001
3023
15455
7929
12210
4222
2850
6660
11788
19827
4120
163
685
9591
9168
12724
8367
19109
3945
5978
3706
4651
10736
1509
13958
11393
1824
6800
1849
3417
7963
10850
2791
3418
18778
15000
3991
17979
1659
15779
17805
2130
15941
14841
11720
1460
3916
86
569
7860
6063
626
8862
13150
2134
2819
4543
3957
9618
2743
3725
13933
13592
6515
17350
8721
17867
1340
6699
19525
13470
855
1655
9410
12047
9726
7222
15962
9812
4142
173
12226
4767
9034
5376
6900
8204
6270
7208
14174
9012
7285
8106
18956
10151
1807
7676
8017
3146
10727
3894
12968
11581
1900
2377
19980
11625
5950
15941
17788
10091
12466
10014
14857
1499
11741
1756
6055
18010
5316
228
7021
12600
4685
5976
2750
6491
10004
7119
5988
730
11012
18955
8662
12911
17684
8641
4535
3633
934
2323
13724
13399
8688
4932
11249
428
3040
17303
18437
8355
13882
1809
954
18566
4137
55
1408
14140
7173
3748
11221
14536
2702
19882
7446
16737
4875
8333
370
5808
7007
10445
19206
15694
15376
6806
16121
18415
4109
10909
3121
14342
12717
426
12908
16853
16833
10667
7344
357
14414
18564
14893
13468
18446
2338
10204
3320
10670
6925
5479
17676
13721
1036
9721
5449
7841
5841
215
8301
16749
3336
2643
5818
113
11902
2670
16945
2568
10014
17302
13334
4929
12194
6801
3374
10883
13356
3045
17905
16633
4875
11932
10353
5910
1653
12153
13751
7493
12368
18403
594
12055
1045
6411
8519
12946
5432
5464
15514
11797
19117
8847
16726
11310
11999
16451
18544
1706
15848
16448
18338
722
8380
5043
2984
10032
17195
13086
13876
5914
11488
10821
14320
12533
13583
2839
5478
15367
4654
17343
3515
3770
2541
240
11431
10891
13043
9974
12597
8890
2774
10934
5963
11153
15976
5298
17536
9523
18383
7763
11788
6223
18584
6108
18755
8518
5298
584
3884
9951
14279
7399
10072
16819
3990
17854
4062
13384
7827
16658
18625
10600
7591
4588
18104
19919
6237
11991
9441
4620
19754
1228
7194
14689
3687
5948
19558
8984
2883
19794
15286
13513
7192
1709
6684
7533
19562
10745
917
3741
7402
19541
10692
11344
480
5148
11262
6717
17138
17054
7688
13243
14634
14881
7931
18320
17180
3841
3656
62
3634
15293
13575
7177
13354
16610
14709
12915
7354
15625
16655
14755
11518
3699
6098
11997
8846
13712
18713
5983
10765
6400
19226
1750
17632
3508
16422
14811
7348
77
14873
7333
11721
4799
14509
5074
1408
9218
14341
5113
1194
7347
19867
12711
11045
2316
1060
19890
16027
19772
2225
3144
2524
1450
4893
155
1309
17666
14966
5009
17742
6190
12341
5815
7340
6850
7240
5099
12419
1580
10211
13612
8927
6429
2675
19971
8744
3734
16213
1123
19857
18437
618
18732
16238
1862
18887
17546
19528
10204
18906
13621
12745
11247
19435
16436
14448
6675
1534
3218
4606
8096
13181
13532
14524
15855
9855
19619
15940
6067
17093
15797
855
17710
14528
17092
19572
9766
10989
19099
16321
9895
9071
9065
17493
8506
1852
11940
11532
3385
11509
12489
11480
4689
6021
2355
16896
12227
1974
12835
14645
19066
4983
11851
13128
15863
8942
12699
1980
19930
8149
18301
6176
13571
3717
3668
2076
5569
11959
9959
5305
3467
2448
13137
8156
4820
15491
1403
13398
13816
14237
4394
9234
19220
16244
2361
11434
5185
11411
13413
1466
15911
11713
7642
9481
15430
7661
7909
17350
19620
17867
2654
19438
16666
15790
3945
17837
11281
5347
7586
1448
15936
11979
10681
11507
8222
13041
2940
9758
803
16352
7576
16713
8065
11569
6194
19846
19229
14102
13547
15200
8320
16200
10990
1338
8342
14934
15526
15974
16633
3112
17421
12568
11442
8102
4074
16016
17494
7013
5773
14649
19716
9700
11361
7780
1268
13906
3977
497
4359
17523
12048
9031
10075
3037
6720
18416
14323
2245
14389
10955
1708
8161
19874
13150
16262
299
9165
10108
7311
11289
4756
3378
989
12468
11158
18608
2726
11486
19104
7084
5361
7504
16114
15435
6892
2833
10202
1214
1430
942
8520
3137
9102
4745
12638
1716
5043
18154
8175
8705
9443
9282
12083
6783
1749
19592
5390
4474
11077
846
7910
12789
4701
375
4575
11592
3208
14776
12806
989
15717
17677
4125
1171
2422
16763
2886
7464
11268
11060
12521
17062
341
4603
3844
18441
4194
5586
19267
11622
2783
7176
4411
7483
7550
5337
19074
7109
113
8231
8097
12181
2260
8574
9703
4681
1688
12588
8496
12955
19999
1016
10017
339
1970
13860
15132
2515
15797
14398
14137
18579
17925
14899
2413
1826
16587
1487
8935
13051
6069
13383
5232
8328
1956
11286
9360
3643
3874
17856
16598
3872
15223
6614
563
13545
16825
12046
16059
12622
2795
6547
7552
719
17797
9965
2544
14384
7803
7830
7434
13871
1213
9017
18551
3168
303
7910
3163
4176
2117
19760
4399
13692
2725
1313
7236
15901
9710
19646
4874
12504
6193
12426
13222
3989
18742
12118
18372
6544
19947
2158
16766
17511
11174
15316
17031
11476
3226
193
12003
1694
16304
12754
15385
19028
10418
18972
14928
128
18618
16154
12631
4810
8579
2205
5150
3672
10674
19874
10215
6972
2031
6980
4483
9556
18648
17865
17384
18225
18057
5738
19918
14360
18491
15303
9739
5261
14274
1018
1740
12891
17171
10722
14052
2101
9278
19202
5772
19951
19075
12338
3275
17457
19318
7757
7012
14317
1973
4395
12541
29
6485
12458
10740
4975
4112
16830
6587
14738
17847
8326
3980
11370
19048
18032
13470
8325
13585
19242
4628
9011
11579
7902
6467
7248
12010
9830
17916
13982
10577
10456
10362
17061
19266
1101
18387
3377
17930
4974
14466
12128
9651
18446
3497
5050
12829
13319
9727
6413
8912
14354
15423
16842
2255
18241
442
10616
8070
18357
4597
14998
5165
14958
12058
4430
12410
6797
4158
6691
8122
18624
18818
14124
13421
18667
19174
6249
8337
8900
12661
13600
3253
4435
10441
1859
2675
10882
12474
7096
5591
13422
18446
7107
8379
6855
11536
17140
13651
12045
3830
1772
7020
18999
12248
440
14017
11421
3040
2353
320
12052
15952
19924
16486
2745
1782
15512
9978
10607
18960
15568
4028
17405
2674
8758
4259
10561
5897
17910
18958
9726
16033
5977
5076
8280
2769
19093
16052
2160
17797
16371
14212
10101
16294
10697
9197
14427
2561
19174
1385
1520
11094
5412
18924
10119
14169
3182
680
65
17443
15989
6142
9828
18317
7570
18107
17437
3014
14159
19597
810
6881
13808
7262
19527
856
16458
10305
3416
15632
11690
1287
6725
17101
210
13195
7622
19744
13874
4038
17186
6214
6532
3365
4531
14101
1472
1967
17114
11982
17915
14275
15214
11722
1537
14740
8930
17994
1397
8697
9977
13086
9984
13053
6538
6545
6248
14159
2640
16473
18197
16178
2687
1080
19542
3569
15180
17365
5535
8645
9346
3450
2919
912
11523
4455
12003
16804
18801
13399
1853
5129
6484
11836
18182
9374
14732
781
3532
17372
13605
18080
13549
16291
19159
13090
16211
10690
10455
18098
19334
16152
17899
2253
13415
9421
3059
5418
2577
1859
18816
4429
6988
1652
12616
1521
11025
7347
2301
10908
1070
15905
5340
10970
8548
4498
412
1110
11540
7218
19207
10873
3369
17105
13125
13136
2878
16184
18553
5454
14394
13720
6234
17733
15371
18849
15605
2747
2547
14257
13655
3617
10162
15346
10938
15061
19843
11349
16170
11382
18566
11729
18607
18287
8833
8083
11422
11710
618
9974
13515
15012
3693
19748
9096
15416
18596
4701
18162
17495
18957
8168
1111
5470
3513
12048
16882
19708
19749
9404
7441
18314
1132
6047
16600
9964
10482
8021
18026
11099
14346
7892
6110
14391
7640
11558
9806
2587
16258
7967
81
15214
12487
17543
17036
12351
5943
13917
12058
5691
3320
15851
4004
4451
18249
16956
10767
8730
1328
5144
19829
15674
13035
2290
10064
674
10199
19869
19613
6456
4187
19693
18022
13025
13588
15057
5376
19530
8973
13785
5220
8645
5987
5575
9447
4236
2530
213
9317
3858
1708
5497
19531
14743
7787
5946
11768
17985
2166
7732
793
6352
3777
18814
19377
17364
10222
1104
16893
15546
11240
18464
542
17227
4038
9989
1462
6568
6553
10778
6777
8261
16275
6307
19355
413
8604
11122
14749
10769
18854
11893
17120
2630
7058
12848
16345
17279
10303
13237
9177
1543
8052
9718
18769
12089
19706
16582
15008
6259
3711
1784
10871
16337
4442
10225
13101
13045
17698
7850
165
12903
19742
13637
11884
3152
2836
8228
430
13139
17816
5958
11033
5867
15676
9801
14308
11733
2734
9315
14343
6444
7451
5213
2781
11892
11789
12233
1289
9487
82
1453
18741
16176
15089
10625
19327
17925
15204
16108
7415
13020
18418
18447
18886
14093
4599
13193
5825
7332
18860
168
10127
6310
1732
9259
14553
13521
1492
15841
19359
17925
13646
18099
14100
5086
5075
9778
19362
279
2238
3128
13298
655
1574
8535
11099
6172
18080
13275
9855
16939
13442
19982
19600
11526
9240
14152
1398
7083
6345
756
5008
16342
15206
15459
1427
281
1589
17141
16911
3826
268
6560
832
18194
15094
11930
4365
9525
1556
10572
2815
11350
6905
2414
2875
12496
12918
4272
19579
15614
1379
4586
11955
12936
44
9733
13216
1632
6873
6478
1809
3493
13037
18992
1686
8131
7273
2402
14007
8829
12973
16822
178
16229
19235
19404
8725
12152
3675
4655
7765
1405
9240
16071
14340
5635
5804
3908
3619
9028
10385
1779
12520
19774
771
10557
7904
4395
12959
18262
13223
2283
15083
9752
18512
14318
9155
3588
2821
9181
8242
6938
6937
13833
19360
1277
19467
5163
5184
19437
10543
11920
17568
19414
11693
14690
9971
15948
19084
19281
14210
8659
1563
9292
14762
16426
19961
3917
13
2782
9449
8254
6071
16386
2086
5430
17662
17905
6945
19197
13693
17487
7468
11260
13252
19161
5949
3222
11460
1385
2502
5669
10043
417
11313
4804
16842
11273
5072
16855
10406
14521
1460
16476
7258
3546
18258
1271
17802
5202
16819
11494
19040
4286
19106
12291
19798
5054
11865
11258
2790
10718
16926
9184
11134
4590
13988
4328
15863
15411
17534
2620
6283
18993
15448
13540
18890
13705
11162
16691
15258
7980
4537
10649
12266
3642
19291
12063
5047
11155
3320
7837
18225
16598
17020
5710
1187
7359
10037
13401
19122
7570
16021
5404
6563
11468
15296
1804
1524
6457
14847
16781
14437
19383
7429
3054
19376
3071
11468
4422
14226
14788
8610
8802
7737
1982
14511
5275
5692
900
18676
4813
8469
11048
10217
11383
2515
1864
9539
4038
8320
4385
17170
19108
119
950
18513
19494
4020
9981
267
14597
4768
5229
3398
8856
7210
14261
14130
9253
15160
9157
14066
19980
16556
634
7715
19070
2497
17253
19459
7168
1637
12980
2628
1755
13929
1140
17600
17949
11120
17866
8897
12239
3094
12295
1094
6655
6555
11576
15908
18066
17084
6325
18045
13640
6958
2111
12709
5806
19363
8520
12973
17351
17851
15600
15457
11780
16740
13056
6080
7859
7274
14976
98
6719
3622
17543
9726
6528
9118
5633
4593
6202
8309
18990
19841
15266
1100
8901
1071
16815
13772
10395
10517
11623
5995
5974
19754
19086
15381
2185
3296
2654
17160
19745
5725
17134
17288
15450
3661
2757
17434
8254
5310
5742
3595
1502
17359
1046
6755
18429
14212
526
5175
4729
8500
7521
10702
8253
6606
2434
6789
6254
1440
3949
5998
7164
1082
19637
18965
1094
18746
16398
5699
4055
18491
9293
1909
15849
6691
8663
10629
902
5540
15803
5630
14040
3324
12683
18644
6281
15117
5433
12534
16556
5733
14884
3719
3166
14520
2683
4259
9617
15432
9958
10024
13922
19250
11932
9770
2292
16946
398
3194
2485
12552
8823
16524
15875
1506
11520
2156
16622
13304
11041
13177
19036
5924
13247
2201
16796
12281
6459
2764
7712
12768
12787
1633
8370
1070
7754
10661
18015
4503
13854
500
17054
19029
13375
9281
534
4894
7788
13507
18197
18828
3035
13584
1104
16281
12136
14251
4913
14947
17014
12624
7714
9801
14256
16083
10870
2009
6744
5237
6511
16949
5736
19916
15977
15462
9196
12862
356
16983
2720
14904
15811
5754
4840
13266
18386
16975
7516
3298
11921
4529
12273
19635
10681
6528
12069
17903
4888
18812
3139
7750
12113
5226
4018
4441
687
13213
17303
17394
10196
16374
8650
2358
18480
13489
15623
13217
10463
19490
16515
18736
4018
5139
18370
14699
11667
10438
8953
12906
5602
12091
17008
14066
17316
1025
18506
18002
14237
15808
15396
784
8534
4045
19493
7013
13885
11467
229
699
10956
13095
19434
11326
18234
14155
2376
6252
945
11328
19157
6546
3418
12516
16963
17085
13540
15468
15086
4129
7628
6833
1264
16161
7229
17109
3173
1113
8575
3401
1812
15883
12848
1245
7208
11081
11752
9583
17332
12696
17262
12840
15593
679
5356
12555
14115
15247
8022
9200
15727
12001
12385
16991
8161
19613
14099
7685
17078
19025
11086
15241
14907
285
12837
2114
11365
4588
8048
8696
17283
5309
17887
12875
2339
19594
5429
16453
14841
9803
2005
10567
1803
10741
3909
9964
6705
14359
14000
3782
13384
1437
19022
4642
1721
8211
3108
13085
12798
7507
18132
10081
12816
16019
19307
11506
15612
4736
4311
6804
10890
6315
13723
12692
13407
13983
19007
111
8342
13007
3893
18077
14443
19266
2718
16164
7476
2177
5600
274
9684
3732
6706
18851
16102
6012
6708
11713
7099
11018
18517
17988
13684
8591
7032
7090
2573
2390
7201
10914
11748
7445
5342
6191
6710
4412
18706
10538
6588
4305
7163
12623
4388
10220
11473
489
16231
18181
8554
19682
9198
3422
14021
19234
12012
17404
6323
14584
19794
9875
1850
11541
17319
7191
14083
381
7954
9140
10918
10894
9797
14432
3516
14184
4651
14989
11025
17233
9521
19578
16914
15070
2999
7287
14303
15010
4690
16978
5945
835
6852
7794
8728
4171
11337
2810
903
19290
8302
8172
10183
18098
2603
10051
8633
3605
5039
19657
837
10911
19234
14103
5980
18584
17741
283
13593
2430
13612
19538
3265
463
3683
8344
985
15019
11153
1887
10661
15806
6410
17195
10255
9012
7245
18888
8968
8635
14896
9805
19545
14130
259
1877
12713
17999
18511
2658
16780
12122
18547
16396
12584
2229
4739
9921
13600
12244
11807
4260
8049
18217
1454
18304
3580
5051
13543
12548
10037
8438
18704
5934
18919
15314
7810
7984
13312
6320
10641
6443
18441
9187
2839
7376
7767
7577
17296
1366
19820
5455
5625
7869
23
3431
2524
3602
4833
16066
12501
14869
4503
7556
802
3422
2869
8611
11405
12532
11282
18397
18975
6074
3935
1813
13450
11701
9389
7097
13067
9209
12551
15043
13429
12573
14825
12304
12527
19657
8369
5027
10878
9223
12583
8031
12644
15451
12994
400
7983
4275
15148
3309
10349
19082
5121
150
7135
14509
3598
16553
69
16149
11595
9849
5073
2772
2152
17599
2428
10520
18978
9657
19743
7912
17688
8738
19714
10681
5490
4048
11307
637
7356
18007
16071
12476
18156
3205
3337
1754
19757
3405
14254
7703
13254
15678
10474
11757
9629
9254
2277
8606
18910
18371
16517
12949
3460
12582
3629
5301
16630
11288
2290
3985
9294
18360
16461
7450
17916
19797
5555
14024
19553
16160
1726
9158
11837
12200
915
17817
17805
19543
6422
13066
14265
19290
6015
14076
11872
5995
19377
8501
17282
18018
8837
6576
12729
1649
10377
10644
17797
12283
4667
17350
4794
2744
2859
12982
14943
125
10799
9099
19667
13572
2165
10283
12862
4531
4359
1085
10525
87
5937
4159
18104
14773
10734
10832
12774
17462
17827
10570
9744
18845
4271
14537
1588
7130
7518
12883
7254
14668
1981
3273
8240
497
9907
17453
5027
14265
18537
15552
10703
825
19710
5158
11949
6795
12341
4722
4256
10167
15292
10351
9011
15914
1239
10599
19395
5108
19833
6649
19776
1813
6273
8015
2310
16179
5467
3688
6796
355
19239
17498
1179
15300
19008
13127
18446
11348
14201
19053
1515
5844
5755
6877
1757
6993
13827
1152
8453
13659
4152
8228
11824
6776
12594
10485
19306
14412
14172
6101
14766
9763
19951
12296
1414
18958
1774
19860
6657
15974
18912
4523
18169
1019
11400
19926
8011
1578
17429
16463
15237
17932
1042
3412
4707
13635
13896
4012
4398
8067
6465
19163
17829
2767
7810
19243
18076
9584
15454
4732
1909
10717
9255
16430
11735
654
12707
16098
2231
10135
12560
13819
8066
13602
17230
9124
3588
11125
9487
7986
15544
15951
3500
9724
18717
11310
5318
16792
17245
771
17876
15505
11488
7130
8286
19574
4135
992
15671
2717
11126
4583
12888
15543
18184
10117
1018
18123
17594
10505
2460
9489
6455
5960
19212
1524
13621
4530
14667
7217
1652
12542
19073
9491
16023
7359
9065
16509
8350
1087
19226
15828
5669
8465
7722
204
14933
8740
18327
12526
19244
786
18366
2050
3097
17578
19925
13069
18459
14592
16637
16462
3485
15710
5953
19508
19420
11369
12368
4121
12455
7945
16300
18124
16409
374
18327
11342
9113
13005
219
4708
10143
18585
3109
9591
12514
3034
2660
7324
17625
15648
3785
17461
11357
9737
13320
7128
17457
5688
7601
9912
13632
3900
4387
10041
4273
2713
1382
9737
12070
17952
14444
2212
16536
13905
11802
5401
16938
10813
12724
14562
6461
12861
8374
14169
18949
1694
17649
16406
7381
5249
2669
1012
5500
7055
7404
6125
9767
5137
15861
18188
3089
6657
16751
15976
561
8553
1377
17498
15717
10452
8411
18529
19664
16784
9050
18613
18477
6698
11370
2209
8298
14038
19573
13797
1092
6976
19921
7210
12113
12134
5398
15201
18790
2148
11176
19350
7052
8904
13199
19121
19356
1609
17649
19019
14744
6698
13983
9573
9747
5352
11781
18044
19389
11353
11841
16832
18329
8113
4042
6793
246
5791
1993
15387
7938
9520
11088
11342
18424
4286
10462
14131
2246
4462
9501
13342
11160
19836
2914
17258
5187
11046
15302
928
18751
3494
17759
13431
7958
1800
223
8204
3942
18567
19942
11880
4438
11030
19573
19213
15315
10034
13343
13913
14495
19196
7254
2006
19031
6519
19264
569
17564
10917
1496
16314
10762
15607
9744
18719
13758
6318
3274
17700
4884
3216
5931
9322
14245
5503
8534
5911
11888
18229
16175
2734
13776
3428
4740
9158
6298
355
9726
3862
7623
7574
16527
18384
19532
2623
17102
13289
8940
16728
10988
10176
19943
13270
19497
10539
18772
4382
16449
10659
18962
12624
13393
12737
12403
14484
1894
18701
11190
7972
18914
15164
15545
11792
13547
15076
14414
7000
4716
19706
3727
12056
9881
21
5325
5729
10559
4097
10110
3360
11107
9072
12335
851
18160
1089
11686
54
16141
2875
8025
15054
14390
19921
3198
7936
14996
17611
11288
16063
13668
11366
8118
3548
7739
13443
9276
18297
13891
15738
18008
1349
1161
10342
2200
19320
11431
13885
19373
7571
13112
3749
18977
7501
3669
18526
11789
15016
16136
19428
11079
9804
10793
19196
9703
18531
8990
15331
13180
19232
11068
11187
581
8580
1529
2780
4251
9311
13016
3624
13233
6127
3724
8561
9980
7393
7086
1768
2408
19574
1195
9838
5729
8339
5386
15431
6870
10727
7113
16401
9959
14532
7587
10539
3111
5467
9670
7362
11129
19037
7337
714
5164
11060
9274
15143
14804
12712
13262
13564
12285
14456
3401
18013
2794
5138
9795
6015
15865
16908
2415
5823
11439
6354
12713
10902
8172
18734
18263
19301
17770
1951
14
19285
13010
9287
10779
4166
18350
4040
17729
10634
14847
17481
4998
13993
2619
14793
7
18483
8052
18774
657
15842
1479
13369
6743
9650
12102
5005
8950
6223
6955
5315
5508
16317
10954
16286
482
9303
16678
14562
19937
11524
12042
4934
1868
11012
16078
18227
5846
481
17000
6502
16323
18478
16222
3065
4479
4675
4422
13429
10898
7728
15095
12757
396
6048
5394
17229
15351
2071
11790
15287
9947
184
16572
11814
7547
9002
10040
13393
9482
3391
16246
2156
18220
12468
5221
2699
17142
5994
12479
8039
10073
7573
795
10469
13621
6189
7697
5323
4611
15839
609
14557
12374
13532
2723
16272
2533
9114
9664
8367
12505
2262
10522
7076
14729
12094
9774
11870
14439
18604
16261
4512
2529
13407
14980
12501
15947
19028
17823
558
11218
14783
11466
19943
8314
10540
16215
7199
19654
2230
11917
8510
4491
18790
15585
15571
10884
1711
7441
5322
16666
53
9833
19194
13459
1164
11694
9406
16544
5868
6315
4113
650
14132
4056
5316
4672
16622
8866
4325
18851
782
9186
19694
19571
4770
15264
6806
2832
19056
12128
19498
15460
18312
18691
5271
15828
6737
11028
8723
12604
17342
12835
9606
11473
16890
11273
16144
9863
138
16820
5066
17271
6005
4759
16841
7127
16374
19999
9958
11782
8478
9455
7241
6789
4498
8863
18968
7586
19890
7690
189
17231
16877
6146
5056
10118
17418
17551
19981
13907
14371
5046
11177
16727
6156
4370
205
2529
4368
10163
10662
12845
15969
14255
15985
16818
3117
11305
4403
3007
18994
944
237
12222
7089
5292
2340
859
2843
2320
14765
13565
7365
2294
6643
13520
3015
6848
12400
7382
13362
3062
16578
9330
17316
12562
6148
432
3866
10550
19790
19212
11493
27
7785
14934
1670
10124
12144
864
12443
3260
10780
16159
5553
17423
6030
8567
622
18430
12300
13983
17843
8877
19664
11510
17791
2163
11941
18008
12713
8083
13571
557
4461
1356
11842
6130
11479
3985
3346
274
7245
10477
16432
9149
7899
2462
14068
4872
17243
6367
18854
15085
11596
18518
6594
5738
680
14886
97
9744
2968
13668
6653
7428
11375
14846
9910
19205
18831
9607
19478
2427
83
12262
11575
4334
11075
5642
9205
8317
12009
4411
19753
19956
19280
2698
5693
16311
17583
5789
6055
16903
15808
9059
682
7182
3904
6943
6387
19086
16549
2216
1512
12984
14477
13087
17317
5551
18728
2873
10219
7088
7283
6323
7043
6562
9020
9087
2873
2955
11228
5279
16209
7035
10689
16890
10569
14592
3833
16955
13678
16733
19170
11541
6068
9999
4627
3384
11901
19707
2609
2120
6794
9891
8442
10189
12805
17462
19275
15677
16768
6854
17307
12976
13889
7995
9865
4457
2586
10049
17763
12615
3134
13284
508
9201
3282
5134
8937
15183
4840
11545
13654
7986
17787
18447
18174
10591
12260
13800
2619
9027
654
19925
2002
10894
7919
8219
11702
6857
14619
9464
15823
14104
19099
16330
19657
18733
17816
8593
10267
2655
16489
272
10640
14275
18718
5165
1218
10978
18965
3836
16356
15970
113
18358
6863
4383
2928
14916
7591
13898
731
3414
8002
19829
16095
7658
14913
13910
12602
5179
12917
9090
5450
19908
19716
520
5073
17285
11497
389
1121
4204
12710
17585
2561
15924
1967
1840
10839
9558
15738
11569
9323
91
11397
5417
7748
2662
15679
16701
4192
8595
5790
9642
4854
1857
6513
9926
19142
14361
6666
16614
18564
15727
14198
17477
11650
12516
19316
2488
18425
11405
14056
7747
11495
1805
9516
15594
4466
5194
12294
8657
10140
14435
14650
14993
16292
17514
1271
11785
11874
4288
8398
10438
15
18947
7914
11664
11462
3581
10504
6239
14986
911
13985
2832
19067
19852
14778
19884
1397
3423
4893
11536
17858
19542
2881
10501
13408
503
18637
5281
1142
7034
15718
1156
2332
19983
9172
10145
3564
16027
16383
14901
16937
10368
14084
16004
6571
8861
15887
7968
12284
779
15855
6493
16673
15087
16993
10080
15589
15629
11712
13083
19014
3782
10590
1345
3764
19761
7841
3679
12139
4224
18579
5428
10943
12663
1431
17513
17875
13669
1832
10158
10800
17687
16650
3824
12773
9994
13903
4714
1974
5614
17796
987
5747
8385
18683
9511
4498
2876
13189
12988
7099
8120
18415
18041
17134
16197
11905
15008
9866
13737
5166
17017
7775
18167
840
547
8161
14742
1612
10134
16707
15759
7473
2454
496
2507
8316
4993
5382
17856
14332
8832
5975
12747
3224
3108
8943
15129
18116
15160
5217
19633
12176
12991
17799
13015
9889
5959
4108
11501
12445
17167
7259
16269
15972
7754
15127
4287
9098
16861
2142
3430
5692
4469
12528
8916
7576
1470
396
2043
16630
5612
1675
8805
18602
19474
18172
8490
1784
2279
16342
10580
19445
19953
6848
15416
4058
18327
16054
13156
15187
14548
12937
878
19016
5464
6145
2943
3285
6540
4986
19914
8503
6660
5071
7104
2485
3242
11946
621
1872
8287
11200
1317
4591
14400
13084
8649
12726
5490
18156
4264
37
11092
5141
19052
12907
7638
1994
16191
14177
3331
12457
19032
6343
17527
2487
8827
17120
14432
5799
18991
19071
13351
16659
3661
7750
9743
8661
16827
15232
6816
1090
11620
14259
2582
10671
7165
10219
9016
19708
748
12347
12164
19779
15041
6042
2265
3867
19513
13049
6018
18503
12119
19368
15162
12131
7117
1256
792
295
12839
3959
1384
4458
18218
3965
11480
1734
10536
495
1441
11283
9193
9956
7413
4233
12349
9677
4452
11861
2725
6821
6716
11195
6188
1877
19678
9656
19484
16821
9950
12322
779
7685
16779
15348
11649
8258
13434
18536
5104
11226
9818
14297
1182
17230
14881
9882
3259
15684
18095
2335
2504
4810
9882
5043
3038
5911
14698
2521
2731
4647
14842
19861
12331
7972
11561
332
16229
4994
18867
17684
16219
5037
8332
13752
18618
3213
3634
18228
15248
1728
16915
14104
2889
6796
19146
5926
12706
13844
4798
11788
14842
19639
8000
3525
3962
19560
3856
16542
4553
19074
14225
17124
462
2557
10875
15432
5769
10860
13659
17368
8939
10573
7823
11827
13720
6969
14104
2777
17164
18901
14564
12005
14891
18916
15529
18852
18475
15736
15393
19380
11162
9618
12855
11623
8526
3729
7054
10646
10941
17065
8013
19879
7637
15836
8058
17709
19156
18513
485
16319
17414
11401
4675
8656
10316
16556
3860
5142
12291
15604
4521
19804
1573
13727
11427
10098
13808
14832
743
4748
8248
8756
978
15885
943
5387
9945
98
3900
10429
12768
17665
1829
17442
6320
12144
13997
6531
13638
2640
2135
14510
2443
3707
8237
13869
13805
2044
5053
14547
6791
13300
19654
4120
5536
596
9507
15480
17045
13406
2261
9812
7422
4089
7254
10093
12585
17602
16624
2574
241
18758
17083
2684
2464
5319
12904
12620
7362
17956
7167
10504
7608
6820
14624
9495
3768
4130
4975
812
13887
3587
6976
17660
4027
14229
7752
12963
11830
4375
15536
12071
19484
12619
11106
1948
17937
4009
10919
1651
1965
18085
12154
5924
1257
6777
15418
1376
7258
16744
2187
17496
330
9162
15155
4357
19742
2907
17319
7924
3633
9207
16346
3117
1825
7451
1416
19761
11459
12334
1411
9775
6771
9917
15698
8027
13045
7468
9402
303
4211
7940
14150
893
13454
9305
1601
9547
8563
15271
17470
12195
4477
13815
15311
6301
1265
16726
2414
9076
5412
176
18850
12182
10092
10900
208
3137
18367
5961
19791
18929
10252
13940
19821
57
19596
17773
9604
8158
13044
3425
16705
13872
13592
8367
16525
11208
1445
18938
283
6856
15465
15485
19037
1909
6384
15596
1397
4750
17908
1187
3678
4511
11478
19851
4568
7426
17623
10523
11935
7018
10299
8639
17242
3890
17006
13766
11450
18450
9055
11732
1657
4519
7216
693
6427
13599
12640
7823
14700
6899
5361
14730
11409
16839
14580
12328
616
8554
19202
12550
11924
9501
1189
9165
9742
14546
2930
17543
9347
11984
9275
7355
16502
12842
4399
19281
2793
17038
7103
13844
3936
12464
8573
11696
5654
19504
4024
2621
8058
19577
15170
19981
5429
12710
5497
11523
3607
8426
9065
12953
16761
14691
307
9614
3885
4705
8894
6677
18094
12349
16872
18381
4812
5445
10077
6817
4948
10452
9437
9357
10028
958
5689
11809
13668
11185
3331
17274
15962
12395
6579
12722
7086
3237
2336
10970
4294
7581
13998
18739
19929
10869
17120
1092
12665
3548
7908
13965
13999
13696
3321
378
11006
5362
12186
4673
12898
15516
18298
8860
4263
1228
17933
11348
4465
16620
18669
5110
4201
12666
3848
4129
19886
17319
5221
12551
866
9480
6515
11216
19528
6187
7946
10533
11548
131
11557
4446
11999
6206
9657
16261
7434
3941
3960
8250
561
2628
9711
4761
11645
13558
5241
7882
7229
6813
432
8094
12645
3298
15662
12172
5837
3607
19056
17384
3737
6964
18181
12087
13169
4189
4699
16954
8130
5010
5203
5042
7637
14913
9802
15633
4823
11394
3515
12051
18207
298
16496
10851
19948
12157
19374
5784
15763
14781
19519
15852
1744
14052
4290
14912
18240
8989
11866
2721
13998
13420
7762
17987
4685
13915
9971
5859
1661
9837
14261
16219
10135
10756
3421
6434
2913
2794
12217
15027
17574
11735
7230
15669
2138
11520
10580
16730
508
18797
15802
10857
12217
3564
5195
13253
13830
15166
19111
15490
1354
13371
11708
7840
478
15128
14273
3390
14273
2841
14769
8198
10928
1998
3866
13065
13517
10798
9794
10376
9594
5596
17585
18162
5511
2779
11414
15692
14296
6876
11182
12002
246
19241
19841
724
10721
14114
465
1345
16954
11585
9543
7881
13583
9760
17298
3451
557
3443
10179
10151
9038
7763
4664
10900
6893
16078
6592
17541
2953
14125
9542
19551
9717
9382
16626
16789
19847
17090
18134
13153
8675
4028
17385
18609
13787
11034
2059
14344
14477
8589
846
19866
16351
5509
10766
19596
1586
13709
17136
891
4185
3029
16793
13901
8762
13418
10690
4961
10507
5175
18113
15533
9202
11849
10493
2988
2883
12552
13683
13711
1140
14528
13576
13843
37
693
9790
17974
14401
6925
15216
18585
6305
12008
8838
15066
1777
19527
26
8636
1053
14490
4168
10254
2691
14661
9593
1925
3564
19628
15635
1055
14155
9210
11249
10543
9903
1038
4869
655
4314
16436
19240
10618
4796
8077
2036
6572
3955
2061
15207
1359
12903
15727
11612
15593
6739
17556
13869
6654
17183
9503
4060
7690
15064
11661
14584
4966
12698
15804
5621
13364
12240
1212
3981
13387
5640
6016
19958
5946
4429
11517
7304
13683
7243
15267
5627
10333
9174
19495
16986
6357
8997
1045
10398
4060
12705
1333
5378
1755
17137
7350
15118
5728
8561
15450
19114
