16000
17090
12562
18155
15685
2855
14276
7976
2647
13397
16874
9380
12503
4565
3968
17301
9442
7282
7083
7591
2202
5782
7622
19403
5414
17964
104
17329
2584
12038
5488
14078
9127
18049
12232
1163
17255
2860
9139
19902
12608
2364
5633
5110
3280
5953
18762
12721
13234
2197
16663
15435
7978
4285
11190
13391
18600
11293
7072
1183
19682
12559
11613
8808
6959
196
6322
4214
3055
15460
467
12015
17823
6099
17124
1102
12051
12238
10175
5284
14434
6837
17071
18763
7473
8260
8506
2424
15904
15577
3607
15585
4487
11571
744
11445
11766
7065
15658
11173
18877
16124
3187
16699
18575
16662
14153
6977
8899
679
8613
19684
3867
5683
18447
7692
10294
6952
10115
6197
2528
10073
18133
3366
1643
18876
14810
13409
2292
10468
4581
1168
2943
7767
14219
17869
4428
4723
4846
9679
5401
13458
9362
5619
15492
7808
13310
5785
11111
3425
8333
9990
13497
6465
13355
15140
1692
8165
4900
3983
18632
9480
1503
17926
13598
12073
15795
14377
16795
640
4055
18547
10449
9769
4165
2292
13928
17475
8076
5039
17251
16408
15028
10747
19224
8383
2238
915
16547
7137
1249
11530
12968
19103
9455
6565
11175
1601
17294
7969
18592
1348
2867
9040
7468
7032
11331
1396
858
15758
6434
18108
8517
1461
5206
7740
9843
3796
5006
2741
7284
2607
14270
252
1709
77
3168
12884
18029
461
17204
16621
1809
71
2012
5628
3454
9695
7023
663
5452
13456
15122
13969
14917
327
18060
1111
474
3066
204
7758
5672
10825
4361
3732
7253
7528
16615
5282
7989
10171
1902
6149
6593
3913
11776
6398
13607
18799
7060
15411
12254
2181
9379
3522
18859
3790
985
19333
6855
1188
3442
8878
8364
7802
12610
15617
15329
5576
898
3317
15746
2799
5817
18690
3063
17593
5087
13022
12743
12146
8432
1348
14326
14162
4870
9537
17951
2206
8869
1158
19745
8662
10035
8108
16463
18996
3724
8143
4572
973
7812
16669
123
13628
15359
19538
7572
16797
12559
314
5295
17342
1662
15972
11503
2883
5508
5805
1440
14376
6962
1184
19389
13349
5643
15851
12344
5719
346
16915
6691
8157
9936
3166
18136
1646
2703
5708
18442
15261
6021
3736
8954
4034
19708
16808
6916
5215
2612
8355
15943
5926
5890
11683
19274
11533
7534
7969
13603
4231
4884
16645
12387
11171
19810
10522
12816
2512
12581
7609
14124
18602
11345
3077
18987
7404
16236
5903
8970
18848
10609
1264
1125
16499
12947
16750
4383
16832
4718
17985
1062
5953
10981
9800
17123
10791
16673
9938
13302
9254
17547
3778
4207
5243
3206
3193
8998
19442
9095
17967
14641
16056
19231
15765
12554
8529
12514
13288
5360
13583
7624
2773
19536
18604
12572
16658
9394
9244
2948
19048
18497
16846
2825
2703
18440
6030
2248
7437
1823
7694
1755
16463
3749
17337
8579
16302
5865
1092
5941
7576
14675
13564
10348
10562
12168
2919
7219
17913
12163
6518
16960
7011
3363
16136
6066
18154
18518
8313
5590
340
16006
3697
16803
19755
1033
1733
12408
6898
2825
18349
14473
13851
8264
4821
4412
431
4091
7982
18344
16253
10852
11655
3264
14214
7791
5681
8720
6308
13993
14309
2999
9998
18005
16153
6104
15390
17886
18512
2287
17062
13212
13111
10912
1475
14283
11675
18258
18374
16008
16601
14626
6859
4607
14241
17425
12397
19921
6144
15056
10265
16804
18055
263
14809
14207
2718
10198
8444
1229
8836
5505
14440
18298
16416
12267
12581
4442
10524
10954
16802
3476
1931
3660
8082
12524
1084
16831
8796
3579
8238
19061
383
2644
15675
11543
16851
18392
18092
5294
15973
3279
7151
6764
1576
19918
19030
14156
4360
5905
1461
17513
9380
19744
1172
13814
12267
18608
10644
17414
2186
18881
16474
18920
17877
8500
10462
11079
3244
4905
12724
19216
8183
19874
2331
9759
19792
1361
266
503
7265
1727
18015
12997
1470
19186
6810
10088
14145
17453
7501
12683
12685
3975
11602
6913
8826
18416
17991
12069
3320
10715
7636
11503
10588
9967
17613
10379
7679
17878
10881
14943
19604
8895
7939
17425
4433
11100
7512
18577
4904
15013
7611
13941
15339
15565
853
4164
13980
18844
16233
13651
9558
220
1505
145
10186
19117
10524
17864
16995
1404
9159
12950
6651
13449
10375
11083
4549
17886
6011
9452
12898
9974
3392
4588
5538
4245
8752
19517
3088
1336
9519
12645
1555
11024
12789
11741
10140
19664
5956
3486
17420
15114
16436
4070
8563
6810
11504
9463
1047
13866
18914
10297
3839
2306
14884
9376
2902
3635
5244
5989
4970
14763
14985
2877
2138
4125
10969
12277
3789
16924
15763
1208
8390
8550
1629
16952
15359
9484
6414
16405
3349
1679
3053
3540
336
17937
12915
3237
1571
14511
5577
2893
9273
561
2121
11410
4686
13089
38
4826
6364
12152
6033
14753
701
4013
8056
12411
13496
14469
5168
13196
12500
8220
16735
12835
6156
6002
16072
4079
512
1648
3323
6136
18561
5443
13897
3246
18531
13934
8071
4894
6086
10455
15999
3138
14467
4054
15549
4314
14875
716
13861
7374
5287
10596
208
11443
12949
12631
11873
13460
14279
15195
19595
12839
637
9843
12436
15519
3776
16858
16764
6213
7312
12762
5703
18130
16816
1251
18795
11690
18318
12655
19063
19956
19602
15622
11398
12550
8253
3270
2361
18883
14816
18307
8073
15452
8149
508
7322
11925
17365
4086
14489
4676
13199
191
19157
10014
17793
17951
18055
12462
10605
13469
12418
10207
9091
3815
19108
13695
3437
1469
12577
18252
19775
649
10056
4276
17508
17377
12552
14872
17814
7040
15899
11013
3583
15055
17378
1375
9357
15433
13837
19961
8901
6254
6519
14343
6420
5627
8037
6208
3447
16965
812
19573
13965
7219
3848
11472
4595
16399
6343
18761
19791
18593
9773
3373
13647
3502
4747
3003
18934
14935
19316
4187
17540
2186
18529
3960
7812
2918
6519
7610
19882
7330
3535
10199
14548
7382
1670
15495
133
8013
10607
19923
2957
379
19647
12956
232
745
12310
19166
15680
11625
3352
13219
13811
18232
13530
17974
17501
49
1936
13735
3730
5470
3933
18278
9203
5602
10124
9335
9966
730
5609
12923
17460
5255
5878
17691
2352
18187
13208
18031
6164
16559
7601
19974
11143
17483
14299
8643
17531
16234
2377
17612
18055
2661
12241
7258
8263
2364
16592
18228
19445
18553
7502
16904
159
9731
10947
2510
7918
4154
16892
10433
17065
845
6758
8207
18327
1056
13201
12209
13642
11930
9820
11696
14590
2061
18953
2852
776
11897
17432
221
6801
1285
17124
6959
11016
4422
5821
15285
8576
19064
5717
5640
19908
12474
10198
18234
9881
19750
10442
3522
11679
262
15218
2621
18674
10522
1824
19449
2418
15607
19669
5570
16892
13145
12529
7907
17566
14701
19543
2493
13764
5259
4484
13672
14084
11033
8257
3964
10783
18699
7486
18813
15312
19055
17785
13985
5928
19609
13433
8346
15215
9454
10267
8458
18950
2795
12716
12867
13847
12258
15360
7611
13868
16195
17634
7951
7228
5890
11915
14362
940
15752
9526
16251
11158
7311
6587
17085
6919
16372
1782
18485
5825
12049
3295
1126
11195
16010
13992
5042
8268
5703
9004
2135
1898
2989
6438
5477
5230
18352
19838
6170
10455
9363
18772
1612
16673
5359
15048
19943
1730
16830
14780
3906
5230
18074
5031
16424
10435
15374
17817
18702
1077
3172
17189
19326
6160
3626
4802
11390
18329
991
13911
5135
6705
12682
3098
3378
14392
18145
19672
16121
11326
10803
16378
16555
8876
17760
9331
15663
13134
3499
10716
10562
6671
7904
6239
12830
7881
7392
571
2561
8382
10833
4047
15086
3515
7144
14815
14258
5289
10839
10379
12966
1641
3108
5873
6869
868
15203
2531
10353
15053
13246
914
1723
17502
7152
10905
1734
10895
11475
647
19276
2308
4693
10713
2174
11837
1880
16431
13477
9070
3161
6442
10710
6269
12314
13930
3488
3868
12812
13840
18921
2410
11105
16995
19911
14608
7899
17996
5502
15726
18642
1129
14385
3335
8193
16558
11523
10072
9340
4999
19141
8853
7792
6203
11473
106
16484
14960
325
5648
5151
15597
8057
16255
12592
4319
7214
490
2314
12715
16215
17308
10195
10599
16994
18387
3508
8516
4811
9200
9866
303
18052
17657
2857
9524
14114
19341
4483
10791
4988
5985
6387
13044
2239
18978
13714
5804
15820
12379
14870
8386
9686
5064
15337
3031
3450
18844
11546
4612
8043
17763
4915
6094
11772
7771
11969
5885
7111
16451
16675
8450
2435
19414
17845
1025
14743
11558
3180
10562
3937
18049
18948
9974
3112
14284
13005
2914
9479
902
7525
13874
18665
12439
16319
10436
210
8288
12672
3672
1090
5699
8474
3525
5112
2670
901
19854
14228
433
6768
14516
18481
2067
841
1593
16350
10197
858
2180
11099
8382
12405
6115
17173
8724
12902
13734
17011
1925
13757
18100
7623
2230
17976
9086
1252
15229
5292
15479
15661
12059
6346
14141
14125
3538
12085
6826
13735
12942
5357
1185
17676
17762
3651
11200
6485
12904
4933
3495
14828
18689
17946
18803
17271
15922
7888
18522
7502
13179
10352
3162
1589
13049
13654
15713
12938
2091
2538
6672
11384
7895
4208
9059
2008
7858
16610
8492
761
1542
8338
15589
16583
6283
10743
10205
18556
18630
5078
6057
8161
11781
5570
9749
1181
15576
1814
14118
17666
703
790
9049
4949
1349
14460
6956
9207
11069
15447
6319
8963
3784
18259
1897
6419
9001
12101
4974
3983
13530
7383
12143
5310
9304
18243
6490
1231
56
16959
18896
759
17748
4297
2059
15449
15108
9015
4655
6176
813
10973
11490
4597
5584
13386
7367
14584
1838
8692
18566
15367
12426
7060
17028
1730
5303
19869
2960
1710
16828
18208
18820
10927
2504
879
6375
17611
6245
7381
138
7057
14706
7980
8005
289
1365
15371
11224
19555
4063
9790
11273
16488
13201
8301
14569
14855
4521
13881
16565
1348
12088
11736
8627
10943
8966
15001
4905
15210
18734
1394
18619
13439
9373
6623
10079
7090
18346
1302
6644
2408
11091
17916
15247
4292
2568
6168
19146
7089
16400
12062
4788
4839
3798
13414
15781
12763
4767
17037
4325
3500
18430
2943
13290
7803
9565
3368
11244
7910
4669
17887
6669
12112
12154
18268
12755
14722
787
8252
18162
17186
314
19301
2024
463
9067
14156
9577
13833
7544
13901
13684
5973
13195
6973
10127
19112
6692
1370
3373
11360
15608
6394
3471
7762
1013
16225
18835
1799
4477
13348
15336
1142
12648
13711
1604
18066
4218
7532
8250
11761
17785
1933
14085
10979
5257
564
10090
11948
18285
13463
19660
13893
16208
19482
18006
17220
15707
16840
19018
16535
6539
10705
17676
19186
4415
15631
13604
8632
3162
1853
16744
17298
138
10828
8277
5394
7743
14718
13694
6028
4532
9705
16272
739
9186
10629
17958
1244
7468
13327
17778
10358
4031
11805
5895
8445
7435
19498
13428
6949
1351
10171
598
1488
17351
8874
3233
5093
19944
13278
7472
4475
19334
3743
1566
8520
14371
19523
9763
18190
9202
3893
8547
13232
15697
14442
18029
19484
10291
7808
2784
7993
14331
3381
9480
11681
8607
9065
16773
8550
18694
4245
9376
18028
4339
10941
6547
15062
6816
12661
13251
16017
16553
18150
5600
8602
8943
19980
8085
19233
7788
7220
7226
2118
6952
13057
13798
15558
18473
6922
459
17167
7518
9835
15194
8209
17127
18092
3270
3942
10752
16520
16310
3657
11021
1910
12258
19963
1889
16694
15548
6028
265
19125
8145
7216
12181
18294
2774
10654
1568
19584
4172
9085
9418
15717
17293
6545
13808
16914
10486
911
9786
6796
4567
806
5057
13176
17121
3297
6221
12668
9325
6485
11792
17469
10053
324
12115
12826
7329
13682
12409
11500
2766
18179
7216
16411
4723
17375
9676
11560
18286
19461
14707
19204
267
16115
8732
13739
19412
14952
6406
8736
17789
14549
2556
7841
14872
14670
17018
18553
8351
5778
10052
7469
3956
13620
231
5030
7346
9906
12942
1983
9367
4000
1187
5985
115
6270
19723
19526
1221
2480
4613
15361
17028
7168
3201
8251
1838
16570
6803
10188
2348
13207
17656
2655
3178
17886
7685
10523
4144
16978
12506
13510
977
10044
15846
17443
16313
15568
13320
13885
18047
17932
9246
11426
1452
8798
19676
3289
5368
6479
9828
4067
16037
3836
6721
19214
1721
10757
6088
5864
4086
14945
15725
5063
4988
11570
18857
1300
3489
8529
11537
17887
6460
782
9312
4263
5931
8988
7551
7650
11818
13731
11716
4206
17566
14789
19771
19286
5545
5858
1502
9631
803
13578
11045
5790
5148
6253
3442
4988
14781
14978
2875
17593
12111
12186
1855
18041
17525
5758
2043
5694
19488
10110
9899
17053
4898
9669
12690
6795
15527
10543
12777
12681
4121
173
18470
5620
6425
18263
10607
17558
9592
13481
15150
1702
5667
13356
16095
3191
19113
18137
8885
14952
8246
15135
12004
9496
4804
1046
16290
16682
11588
9066
9362
15708
5590
4183
1327
12014
2446
11934
5923
12037
5414
1072
10091
7432
10780
6185
6975
6244
673
12211
1196
5270
7345
9551
14765
8500
10596
7406
5181
2184
12823
14542
14243
18412
18725
15570
6778
17522
3855
12700
9558
5620
13772
19648
9404
903
2184
16378
7146
2856
4940
8341
4478
12284
14244
19242
17136
4839
6648
2316
3374
19470
16858
17617
14234
11934
9538
1011
9455
9744
13710
15364
15363
3833
11364
4766
4735
13547
17495
11881
12755
2434
16573
17232
11070
10816
12825
8205
12007
15824
10520
15380
11646
3729
9348
5879
12014
15237
6889
1468
4980
598
13184
343
783
899
1460
5517
10797
18955
13749
3551
17740
6674
17134
8809
13841
9959
17013
5847
2134
7533
17579
13779
7613
3278
19657
19627
18515
2897
17446
19846
19847
6981
16540
629
7879
18000
2497
18676
13306
12598
18578
11045
19271
15712
16206
9463
2022
13218
11662
4155
17102
5592
17934
4715
8869
13942
693
3735
16839
18138
19933
16685
5119
16472
17313
12997
10823
16161
8024
480
8758
6602
11525
8028
18665
7730
13843
686
17299
5504
1192
14401
11095
15477
15467
19963
9419
16159
50
6257
14296
19982
19293
15766
16453
12957
5115
3628
9117
13138
4107
17875
16091
11983
2254
14755
16064
16096
11792
13363
1599
12984
4115
9045
8460
19581
5360
17878
15739
5409
486
6386
1742
19778
18504
14546
9086
3618
18173
18203
13107
2280
12429
5550
10614
14682
304
6678
7130
12096
40
5080
1431
4154
14125
9890
86
19484
4120
15824
1244
957
18561
2985
17087
17064
17530
6172
17033
15703
4374
6492
14334
16802
12041
4947
7836
8696
11624
14965
791
8015
16396
18573
12168
10520
8463
8605
6355
8934
4428
7598
9890
19341
6934
6976
12756
4464
13148
6141
16518
13873
12632
10851
10675
1024
12149
18510
9719
125
9826
6862
8139
2573
5434
16659
13093
10248
5263
15799
19181
6043
19749
9071
5383
6682
12398
14490
11145
5545
630
4014
15770
9613
11216
6444
10636
3365
1305
355
19841
7482
3568
7979
10054
9001
989
19498
19249
2604
11649
18429
8646
11397
3851
10380
18078
12601
4869
5575
18145
1851
9588
10266
11463
804
16709
2099
520
14365
18805
360
1846
2372
8338
8252
11372
5679
4101
6972
8282
15749
1753
16927
7145
5603
3658
5223
18203
4878
10797
12700
6728
16736
2965
18191
17539
16026
289
18058
6742
15445
18417
4940
17816
3107
13191
5539
8785
17291
12511
17066
13040
10615
10344
16536
12569
10353
1758
10772
15230
8906
19823
1958
1994
19139
148
19532
11516
16788
13942
18258
12232
8710
3197
6399
11816
12739
8289
16952
6381
17151
10369
19420
7765
17064
12308
334
7416
14065
7457
2646
19323
3631
4603
1316
19121
4750
17199
10637
17889
7492
5246
6472
16202
8442
9222
8017
17532
17510
1321
3912
11013
11689
19684
18777
8753
11991
15462
16168
2407
2918
18813
18081
6548
19767
15748
2021
868
12947
12657
18756
438
17902
1579
12991
2695
10800
17360
226
4662
18680
489
15674
6720
172
10802
15472
12162
6264
7992
14569
9181
3156
12649
12081
2923
8397
14101
142
17695
3109
18898
14484
17362
16828
7475
16408
3980
1186
12985
4993
19865
13473
666
6584
13645
7819
18408
2158
14082
2751
13078
19615
5906
2079
8047
5180
6827
18499
5322
873
1607
571
15356
15320
13750
19182
11727
17729
367
4711
2721
16583
18183
19738
3167
8179
7557
17926
6689
17990
676
19766
13956
2933
1844
2002
4465
5022
16852
6138
5894
14810
3060
17602
10129
16809
16783
1855
10890
13502
2917
13610
10084
17452
9700
9602
1982
13608
7527
8670
7949
4554
8436
1905
3839
6631
258
8303
8005
17110
10792
13898
11919
13851
11499
2048
10659
8282
254
1548
18135
19523
11510
8218
16974
17561
14172
15307
11168
1698
3977
19116
2604
8764
1020
2794
11746
1278
7448
19750
14739
18239
13648
6657
12089
5146
5056
19099
9779
1662
16999
4265
17536
4860
12483
10861
2420
6654
6167
9939
4703
10143
5406
3658
18906
2778
6451
10652
407
13898
6753
15145
8488
400
18153
16928
1898
3209
16027
8028
1222
9377
12293
18757
10588
1127
9617
13007
4132
15783
19297
5186
2278
4702
8844
1183
7479
11646
8186
7885
1896
11291
19381
10383
11690
17534
7311
9939
17094
19689
17967
18315
5417
6611
17071
16004
7737
3039
5362
8220
18821
4658
13405
17450
5711
18600
18633
13190
6598
3170
17426
8493
14460
13159
15227
2502
10692
2537
8792
7785
18577
6758
6099
3993
9720
19521
19996
13808
18911
5357
2027
17731
6366
11784
11533
12077
6735
6517
1618
13332
9686
15395
18176
498
8553
9755
19351
19244
12291
8142
3380
7220
11252
9478
11212
17323
5350
7560
11131
4260
9268
9509
18343
15634
1292
9875
7710
4379
16391
5679
17710
2428
1073
12238
19277
9626
1992
14979
5221
10634
3121
8601
14205
10724
14430
5417
8046
16132
9328
19176
16743
18595
8685
15085
14228
6328
1311
18289
10706
14053
3967
4768
12833
1392
13357
12109
7369
15348
7088
12589
2333
6560
17541
16538
13635
11971
18306
1680
4454
7633
17208
1196
6227
2244
12633
16807
8571
13943
11447
15629
7996
11766
396
828
13157
13752
9288
16877
5451
12727
9465
4135
19286
3358
672
12920
11680
18977
10952
16133
2961
8159
17328
5540
6754
9960
2346
15324
255
10144
7304
4602
1909
4051
1781
11417
14154
11068
8293
19604
3795
17758
3739
19432
17467
762
8704
9146
16091
19655
5278
19051
4165
18957
4590
10918
8917
3287
2593
5523
9783
9897
10124
11691
13947
11904
3108
8101
19323
11400
4056
19469
5509
4146
18901
2975
4908
3956
12120
998
3610
13749
16400
4126
12706
17342
15043
17974
16980
17635
3496
6762
3883
13619
18453
14182
1874
17912
18634
1196
5663
19041
665
7524
3187
15917
10498
4446
19872
18970
5443
3481
9070
18194
7606
1775
15535
19000
19748
8867
12986
19595
15628
13221
13213
10432
7402
15086
4695
2387
12634
10358
1427
13298
17881
965
9214
4730
5410
9085
51
10852
8917
9121
5398
12874
10895
17284
8225
6995
6150
1210
6589
18130
10782
16154
8561
18183
7591
9608
16921
224
19965
14700
9873
14197
15664
19086
15278
1074
4522
15329
8277
13438
4449
13674
2663
11695
10958
10887
15041
13459
8449
17982
11588
19230
14135
16501
13765
18077
6108
10685
14653
6072
5384
4525
16620
17400
19963
11897
18473
4484
7225
6749
14274
8025
16775
13288
16072
7732
4175
11112
17542
8975
9093
9130
8204
19579
5630
1968
17656
11737
9005
8660
14160
10740
13184
7131
8139
13146
19027
2963
13982
2604
9712
8255
10628
6486
1542
6699
10569
2068
14163
4462
11042
3255
13591
19246
19186
15572
17565
13193
3660
2921
1852
17819
10013
15035
4949
14503
4533
328
17466
18514
2931
7177
6768
9910
10014
4661
12961
16934
6729
7123
1395
14122
6729
11338
9719
5914
6909
7284
19106
10569
6556
957
4739
16568
12344
6040
11071
16876
6367
4888
11741
5649
12064
14860
15558
18429
19520
8518
11714
2600
11992
13108
16722
18721
4445
2792
4634
7706
6427
3740
18274
12983
1048
3012
5902
9743
9051
13324
2970
11769
18211
14710
17417
6626
9569
9327
1406
5441
14196
13119
4392
6188
2579
17465
1260
7023
257
5893
14728
6683
5984
9353
19665
3384
8717
1919
13126
14119
15242
16096
5888
9805
7157
19656
16430
13078
5334
14188
18518
19530
7306
2909
2069
9884
16726
3328
13259
16982
5572
4338
3664
7908
13691
19681
11291
18759
1599
768
12877
13192
13215
15116
2996
372
14772
15778
13449
105
9965
8318
15986
13622
11226
14406
3506
4303
17733
16764
1284
19657
17453
4948
7564
7495
4628
18854
6253
2578
15973
19130
15769
9188
14245
15117
9559
5368
10894
3007
1825
17210
7676
14162
10831
15253
8568
14336
19556
2652
7451
839
2308
1256
2138
9871
8750
6765
5076
15003
5694
1049
10484
17815
6588
4728
12931
16146
6448
176
15504
4624
17385
3179
18785
4567
18431
3704
15255
17986
6356
19057
18825
5015
312
962
11238
9062
4079
16313
4064
6124
13713
14547
3938
300
15626
16868
12797
18425
13395
8300
3048
7131
7830
18185
11698
2613
1888
6952
598
8243
6008
15774
13258
6320
13088
4495
11733
13518
17159
15796
19641
7224
6694
19931
3875
18671
13150
16672
17096
6545
1323
16495
13675
5505
14679
5372
8117
16567
8675
8714
1161
14683
840
14418
17354
10279
15264
9086
3796
8775
1233
19788
12350
4278
19718
16224
2948
12868
9247
16395
15764
6922
12890
9438
12426
7568
11162
16894
486
16188
5607
1647
7222
2798
12416
4575
13076
7680
10012
16871
12806
7596
13011
1507
11873
12728
14082
14821
1947
3329
7567
17710
6602
456
3500
15379
4376
14661
12272
1213
10848
14230
2859
18070
17028
15275
18996
6455
19306
5360
19678
8463
12955
12688
9969
4828
1767
4050
16000
3714
3730
3566
1423
10331
374
4922
2061
1101
15934
10684
2313
3134
4914
5172
1203
18293
16798
16550
4747
16103
1909
776
917
14864
9815
10885
16043
11582
14934
12042
15295
15016
11959
13069
1698
8684
14343
3759
9784
10276
14442
8449
13409
15707
9972
10963
13999
6769
3865
15098
19223
5773
12225
139
16988
2040
11023
13030
13621
2308
5071
5267
17323
13382
18335
19021
2065
12677
19131
11849
19305
9924
16649
9065
5631
6620
28
15981
13388
244
11078
12610
6016
3303
9100
19356
1694
122
12385
15314
18781
13808
580
12456
7189
15266
7828
9253
7943
6958
17453
3599
13233
14101
12663
18863
720
12690
14844
10459
9285
2273
19420
15301
1927
8519
14656
3620
4992
3392
15285
3773
17199
15864
12580
4387
11130
407
9992
15424
3716
3796
19022
16948
17897
11684
12163
14968
726
7006
5427
10010
5630
4846
1662
7557
9717
12669
7528
14708
16061
2813
18480
13259
15028
11059
13998
6157
7817
341
17932
11532
4136
16953
4832
18384
4989
16994
13352
5714
3999
15130
12075
5980
16327
13737
13536
6043
2757
17416
751
18817
228
15582
8428
15255
2993
2425
17764
10809
2765
15695
18693
3252
9000
3524
1636
13988
517
14987
16053
867
6468
8127
6846
2794
18215
16734
8837
17324
14149
9587
16140
14376
1520
4567
5982
4512
3343
3745
11673
2459
15792
10365
5711
4791
13888
7346
18778
10756
18684
11182
11622
5151
15660
18467
7944
10227
15200
13132
7550
5700
19070
41
16427
590
960
2409
1453
4302
2505
13125
3113
18296
3489
5175
3086
13728
8872
18215
835
7555
9396
12456
9057
1408
7275
13352
11634
18826
6484
19183
4526
1905
19223
952
2494
182
19712
299
836
2217
13423
300
512
13264
5474
19950
3343
14345
14516
4178
18251
3912
12985
7307
5319
16611
17010
13304
15437
19845
12486
16314
1750
8060
13617
595
4594
13329
893
5429
11897
10668
5728
8760
3931
7553
8709
3625
1897
3225
7802
16499
3488
17139
157
5158
13749
17166
18461
5537
17011
7298
1850
15112
11709
11819
15706
16302
5147
12951
18082
13395
3618
161
2154
7548
7713
7215
7524
5961
10439
11678
2459
10278
8816
2615
11787
2564
19781
10247
4453
13143
13896
6302
8254
5604
18120
3959
1906
19618
16909
19987
13012
16878
148
11518
777
4212
18732
8301
10173
5522
19978
8983
12151
8793
11598
3937
7708
7730
14183
12160
872
4430
14814
5477
10033
9285
5787
11938
8903
19048
8277
18266
15925
4776
6135
16702
8987
4866
5002
15511
6739
1331
4494
18889
6475
12443
19177
14182
172
13359
2694
17395
17788
13859
2871
4173
3143
8657
16110
8397
4056
738
3015
19981
1865
9149
16682
10852
10367
18035
2714
13457
19365
3559
8698
5839
16001
7874
16372
12524
17585
15417
9918
15372
9275
9140
15896
12418
14149
12006
17166
18204
9095
180
18184
10960
5681
11217
18163
12399
9251
876
5855
4967
4435
14552
10805
16787
18778
3529
9311
16362
18945
15580
8085
8220
4720
3981
16989
15220
12338
10506
13423
1432
7038
7959
8743
12718
15527
6905
1468
4778
4133
3674
6096
4919
14578
13253
1705
13355
16781
7367
9716
15725
2947
17800
296
7666
1780
13636
19237
10469
4142
12659
11901
11179
16969
16995
248
12496
3900
1715
13625
4384
5388
19720
5654
16317
12972
3710
9671
6104
11077
15738
18181
14023
13538
14828
18040
11669
8464
17276
2138
12605
6286
10390
135
19607
3736
382
12102
7635
18448
5726
8370
187
1797
14023
16504
11121
14085
2526
13576
5161
18264
11756
15535
8153
6584
13574
16173
11399
7201
14662
4003
9838
5051
489
9444
8787
17222
17897
12773
15669
19974
17495
12207
1771
7869
5062
9243
1953
7588
2818
3465
2203
14574
18999
10355
17509
8924
6527
8907
16124
17541
9261
2314
2591
9749
8109
7729
3322
6006
16854
18990
5979
10700
7548
4101
18568
8962
13343
16873
12901
16161
337
15103
7086
19336
1809
946
8259
4687
9852
735
2227
15464
19400
1170
5212
7508
5250
8533
13513
18455
3874
19492
9154
7773
19944
4074
16734
13287
946
9634
5799
1282
1088
9236
16969
2896
10181
1580
3935
32
2314
6161
11847
18065
7330
17058
5572
8932
1942
19085
7386
2167
14928
16540
6291
14871
16965
19377
4509
17910
9010
10307
15543
6450
19542
12512
5697
6074
10443
9631
2457
9108
12144
14303
7172
15825
7712
12743
4756
6005
8179
12142
8171
3106
5033
10814
14329
1997
10190
18837
16258
15551
5496
11800
2000
1389
663
4049
7463
11105
13679
9919
212
5822
4222
3735
17999
11933
16478
2754
17938
4656
11247
2460
4114
16279
13273
14794
14627
3462
13630
10884
19013
15477
19036
17364
16866
19698
1412
4328
7155
11443
14246
3718
13616
18467
7453
11614
10400
282
14368
4689
1289
1966
7148
5402
14597
421
16547
9223
234
10177
16459
19246
2005
15494
12962
18870
15191
14373
3197
18697
5815
17443
2415
19431
12261
6219
11044
2660
6500
1763
3700
7788
81
10848
9542
14677
7620
6088
251
7853
12616
16709
3451
14621
12202
16412
13490
3745
10784
13039
2441
12951
10481
1207
8733
2741
7425
16128
1753
10276
14243
1804
18064
14323
12651
3957
8999
16622
6396
9249
4475
19012
5958
7925
9984
14511
688
19825
18255
7823
12863
17048
17125
19695
14606
5857
18788
2031
1985
16892
8658
16227
18695
6721
10549
7698
7029
15899
4319
13425
1499
8793
8788
3808
13069
15123
18319
10108
14947
12925
17931
4162
6324
15055
208
930
912
18995
2960
19248
15886
7969
15474
10933
14690
2374
18630
18070
14624
2948
11494
16122
8093
16633
19930
1161
11755
18248
11269
3054
7524
5551
7215
13848
605
7422
14777
17868
2769
14088
17115
15006
2056
8940
5938
13097
7665
4567
11167
2288
3867
19012
18410
11959
15645
14691
13119
3751
12938
739
6804
16813
6289
10370
10660
3246
14144
5436
1113
16912
15875
14580
11917
17931
3519
14207
11027
7536
15125
18545
9823
18991
17557
4584
10949
9553
19274
420
13303
8563
1158
107
5376
3799
6828
16035
7044
971
17823
4508
17882
13697
19087
6151
11627
18958
16709
19006
6493
11833
17550
16315
10824
11458
899
18124
1010
172
18543
14313
5087
19701
10771
10462
19851
13950
2848
6894
14921
670
11401
9154
14367
6840
11656
2345
5797
8364
1350
12289
16549
15252
4955
7372
6709
5853
5495
7719
2377
390
18383
3815
90
5505
14276
19940
19454
17123
3185
14374
17793
10937
19880
8511
17776
11535
7207
3572
19899
4909
12212
12799
160
17167
170
3220
19371
2016
7290
18099
2405
5672
1913
18846
7528
16188
15137
6982
9663
14673
17707
3807
5610
17586
12317
3385
5473
19523
3309
1723
783
15520
14521
942
12686
11042
514
12057
13057
7803
6507
11814
9827
8420
7011
17354
959
18500
4335
10621
13172
18394
14427
18781
12331
3095
18518
17803
18970
1826
19525
19752
17345
14045
17046
6383
5086
17559
14791
14495
5361
1297
2660
15187
9716
9670
12541
10675
4521
13227
17647
17693
7972
12074
12825
303
15168
7694
18105
14137
9519
13982
10241
3216
4378
7286
5950
9464
4844
740
310
6556
18388
2969
18095
8104
8990
6987
15130
13511
213
12776
7555
4537
1201
379
4839
16369
8073
19295
6857
13943
9628
17097
13510
14006
4382
15811
3469
5577
16550
3778
12133
11290
3098
6579
19393
12087
13565
10874
1949
13777
1
9503
14665
1202
9882
15855
13922
14306
15150
17130
4600
4777
10579
14462
15134
11312
10272
18602
16889
3174
18731
5373
10815
18180
11951
10207
10267
5515
17432
8567
15643
13784
18070
10308
14985
4303
2514
5258
14960
17663
2388
19559
18792
12966
10372
13925
4277
16996
8879
17517
16521
3961
19241
7335
2141
11191
13893
8759
13057
11324
17325
8700
5107
15394
15359
16444
19696
17872
18053
14655
11887
16792
10566
7030
9757
17289
17306
10386
14284
6184
4254
7156
10145
3495
14490
8637
14685
8382
17395
4094
16057
11071
9145
17516
6465
4503
10311
2512
18726
8363
13519
6964
5155
436
13993
11263
17724
11299
18000
8360
13834
2254
15515
330
2100
6357
8966
13136
14738
2712
17229
7147
13783
6373
1014
16599
7227
7676
15462
2305
16038
8980
9268
17544
9415
19613
5159
3491
7263
19510
11850
1096
1763
3716
17778
214
10072
6743
13350
1162
5807
6930
4660
15941
13303
5673
12539
16881
13348
4352
19185
5737
13332
4805
19633
19098
769
4791
2588
8031
4300
10789
5478
2415
10857
3255
18980
928
6350
12329
18441
12156
19259
3100
4448
8913
5124
13338
5793
14823
17689
1330
560
11020
6134
16544
6470
6902
1334
9057
11284
1985
16198
16761
751
7054
16
19731
4333
2717
8411
2774
11224
7669
2225
15671
12933
7349
9008
18726
2171
6696
16407
19082
14068
18892
15625
537
2145
13310
5945
13428
15295
2142
6540
12397
5547
2907
12127
6232
5623
16890
5357
16846
4558
7581
12516
13843
14929
17875
8920
13452
4571
5326
12533
18638
569
8158
15526
2713
17819
1470
12492
13113
19964
19031
1862
5510
1938
13988
8093
3912
10877
13449
758
11787
1030
9625
1981
12310
3852
10900
5761
8422
16225
14646
3411
16793
19155
18936
15857
16973
405
8348
6438
368
3730
8299
2230
5667
18638
10322
5931
5867
123
6688
14005
1152
12664
15985
9813
16515
6884
15574
1288
19460
6571
1050
12604
5725
19985
8460
19049
16742
13159
5486
13461
16888
10136
12042
18907
8774
18716
4837
10992
18838
7876
4996
16341
16891
980
6153
9758
4215
18078
7397
3674
1000
8447
16277
6724
4783
1088
2125
17876
10598
3962
11337
3837
14098
19730
2743
19223
18445
3931
10214
13634
8158
15209
9974
5049
12540
12479
14806
16754
10556
18554
16779
11556
7000
9407
14631
11783
10494
13107
6010
17443
17069
17346
1279
7518
17076
4022
6740
11872
4304
16953
5506
12462
8513
15479
17510
17404
4309
8667
14157
14865
7220
10935
2772
10572
341
13754
18706
7186
6861
4715
980
281
18413
2258
7798
15488
2631
10889
3711
6935
4193
9216
19396
12705
1047
13257
10108
5355
1923
616
16571
5494
7902
15694
12417
4594
5800
11122
8131
12660
12189
9110
9292
10601
11367
17089
2440
13998
4329
6150
932
8521
15366
16679
1225
12764
9935
7684
18118
8209
4651
11041
10054
12552
3086
2471
13497
8885
9944
1627
17896
2132
10736
7187
12732
2102
627
15171
12451
4955
1321
13382
13475
13038
6412
11051
5801
16346
15086
270
906
19736
7662
10960
8639
10748
9782
2135
19632
19725
3761
17528
1857
14496
1066
10940
12950
1693
6111
5400
2999
3783
15134
16474
13172
1545
3876
18972
14243
18962
15593
15148
15049
19607
2459
3688
10354
12240
2174
6337
11965
5935
3864
10173
16782
1282
1112
6083
2974
3574
11483
2324
3708
6616
18797
16879
4512
2673
12202
18754
17986
7795
13902
13034
3753
16360
16721
14106
8600
18895
442
16916
1181
658
3440
14314
1939
903
397
1264
4477
8231
19939
4536
14846
18736
1415
19357
17760
13616
14463
15745
17762
8364
5130
1514
1075
18203
11971
6026
13449
8765
19293
14629
9422
2732
5294
7712
3635
2042
5327
4463
10272
5265
8998
5117
352
6764
826
14463
16732
15288
6559
14493
3
11689
12359
1077
9891
681
3455
3339
9445
2747
14319
15218
5479
15964
19281
5465
18006
4607
9927
8277
6224
15276
9746
2927
2040
10571
13742
18771
2210
300
9615
18564
11988
18325
15992
18230
19006
19446
17920
8450
2193
8590
3668
4023
4554
2948
5839
2559
3907
12117
10835
6482
7392
16932
5760
5783
3854
19501
4553
6063
19801
10520
4626
8140
8844
16970
2722
7849
16415
641
12651
14959
9231
16318
15333
10136
15617
1171
12694
15875
13287
19880
2356
17031
16812
4468
2813
665
3968
3718
3080
3768
14237
4057
8260
19432
1026
10981
3633
13793
7973
16283
8751
13555
8952
436
3690
920
1606
16383
16795
11245
12615
15502
4627
9426
19969
7439
6442
3937
7508
9521
4056
18096
13578
8667
17528
10955
19647
17512
4747
3972
13794
13498
17526
19097
10285
1216
16
11890
13950
16810
19486
6564
12312
4112
12341
8632
7903
18783
8920
15410
8303
12976
9858
18232
1642
7385
9187
17641
1248
13933
1612
15041
3782
15489
14137
14066
16704
14152
2308
7006
7314
18145
13569
15977
18609
5910
4608
6511
4692
13528
18272
9346
2855
8129
7578
848
11865
13116
18488
13112
3400
16451
4504
7182
8292
14992
17599
1347
5496
19906
8352
12809
14403
18273
8785
13011
4182
9744
19521
5225
3271
14144
10922
6125
18625
14851
6973
6841
7966
1812
19953
11366
14615
808
14899
2906
15800
12497
4252
1295
8755
12604
10455
3157
10876
15591
16167
11409
5334
12039
12985
8605
2534
3906
11081
1158
18757
18053
7999
3074
16217
4303
10791
10831
1462
5689
13736
17261
18186
14339
14907
6940
6942
1713
6448
14169
17303
18966
1929
2637
11004
14913
7593
9889
15171
18673
11047
10279
13078
15397
13352
9294
16051
4143
124
17512
9831
10211
14773
4368
4549
6031
7659
7843
7744
14106
2011
1398
13071
3940
386
426
15204
7978
10315
10374
6651
17713
652
19728
9461
14004
5373
5511
14498
5496
3022
4328
15706
17794
5048
16606
177
12706
4448
4272
3164
2811
5669
12586
6750
6055
9364
1953
10384
16030
8679
17034
13742
9330
13113
3202
19685
18485
8712
14182
332
11733
14862
12389
5879
19909
8995
2407
8966
13442
3030
12129
16252
5050
1067
19353
11104
10430
17658
17840
6459
6336
11225
16552
12017
4338
19753
11702
19174
4816
2235
19506
12900
17096
11894
15130
13356
17240
17536
2322
7034
565
10802
19637
5615
8220
18990
13070
18649
12999
7261
1459
15686
18486
18010
7702
2823
14114
15755
18348
15281
17990
17853
8181
15085
6099
19662
8441
3338
13550
7114
10371
10466
14267
10008
12432
2487
5349
1854
17487
18347
9114
18946
14032
7599
13307
18085
6773
7421
13840
5121
19053
11829
2973
7233
3265
9071
3247
8057
8761
16796
15170
19131
7261
5789
5490
19693
4627
10838
1546
18465
9184
7011
17410
19567
14610
7069
14004
1382
10841
7843
2854
9893
16023
2179
13478
19287
7601
16724
7344
16361
9871
18865
15492
17131
4653
17333
13175
5631
8171
11072
4096
13706
18083
17857
9625
12692
4925
3628
10425
15765
7822
9631
2010
3844
11809
15487
3130
19409
8562
6825
15770
18432
5690
7613
15562
6694
4945
5089
12325
9467
16160
12772
3173
14242
10628
12797
3285
11905
12776
10062
4021
597
19692
6030
4440
11500
1516
3921
10908
6429
7098
3029
4860
12787
6993
16774
15832
8290
1862
4508
17756
18021
17279
928
8615
4259
10076
11899
12515
2851
18312
16535
3447
18003
2565
4238
9502
432
4511
16762
6861
11608
16142
11720
746
19487
8493
12929
7776
6706
17437
1883
4727
11067
2811
9693
11677
9238
17943
4191
12089
16255
726
11887
14257
19642
12477
111
73
13339
13224
3285
1298
9365
11357
18395
5203
16201
11323
12978
2907
5111
14861
3985
16178
14023
13677
7854
3260
11619
8397
11700
4225
9122
19939
18482
8763
8767
14944
5187
18457
8167
8472
19754
13883
19828
18148
19086
12380
5822
8415
15286
10933
19627
19270
3462
10001
9298
7667
9613
17269
16063
1312
17845
5184
17602
16326
10298
2720
11269
15485
1176
15787
3956
929
6022
135
15428
5107
12514
1250
9873
4152
8534
9500
19773
11995
19500
9071
19661
9112
2691
12076
6776
535
17259
729
13213
7557
3449
833
19393
4624
12972
19700
1905
18993
19834
17332
4099
8699
14933
10323
12850
3466
19822
12623
11812
15674
18045
7825
1137
17087
19900
4264
13973
17158
4993
7185
1066
4793
4370
458
9416
17341
16509
7672
16333
16342
5004
16783
1393
16288
7105
14242
19754
3279
3216
7917
18952
17612
15741
16440
14698
15640
704
5023
9150
2048
12207
6567
6840
12928
3377
12607
10268
19885
279
2952
16227
1634
19734
13971
17921
6839
4564
14026
6469
7780
1943
5420
5391
17683
18211
16441
9675
18914
1463
18824
17313
10021
5390
4152
19301
5118
13111
9568
5003
13389
8872
17581
15022
8605
11551
9294
11795
16114
3320
18263
245
5262
34
5636
19296
18245
18428
8970
13510
16242
4145
10823
2614
9535
11326
1914
14652
4436
7834
16006
14176
16705
13586
5549
1661
5136
14843
13456
17602
18162
8070
17846
3423
8104
3481
2718
2700
18260
8040
12561
10853
12184
19735
13467
18070
7413
15380
9074
8200
19565
5079
2376
16269
18665
4276
17930
152
19118
7737
17753
13631
15806
15599
13405
261
15431
12475
19312
13691
514
8225
4543
12697
7959
14361
10767
15371
6093
16192
19923
5657
1270
2298
18278
19934
2925
12559
86
2043
295
17838
12025
12452
13436
5430
9065
5219
17904
4728
18909
18417
12952
19803
7465
911
14164
14583
12633
256
10774
12555
2264
12044
11204
541
8329
10481
13099
8414
12523
9745
2604
899
2197
12391
6328
7613
17609
4231
12340
12869
18999
5292
9024
6464
2554
3187
17398
11538
19794
8172
445
2057
16567
8000
2598
4895
18480
12048
9661
7354
1793
8616
8253
341
17358
14580
7953
14967
15163
16644
4187
14161
1935
13210
16976
840
12748
14374
12378
8893
18897
9174
10950
15463
17173
9899
16709
15653
18298
6369
19358
90
11336
7610
430
8694
18542
4734
3660
13704
1378
4198
4216
19664
17408
1192
504
6507
11917
9233
15400
7165
18406
6349
2627
11930
12599
15687
3934
10896
2056
3292
7338
13391
7253
4119
2084
5794
8853
2095
15849
6582
2645
65
2597
52
17608
19452
2910
5876
5036
18309
13040
3441
1009
12018
11723
13607
7704
15656
855
6111
18947
4544
15854
6200
8662
14289
8345
13866
12736
4194
16799
15380
610
19396
11783
14569
18847
14692
16796
3883
13001
6187
3675
14009
18204
11749
3968
2259
7405
1174
4722
2703
5717
575
5254
14378
14863
9951
4596
3950
10496
1394
19329
11105
789
11111
2025
15988
5803
15172
16222
18803
1358
16248
9163
19561
7997
9482
18171
11753
7007
2892
14455
12723
19818
16061
3453
11033
6011
8048
14982
16506
5793
14311
3962
6582
1773
5986
18921
7575
17509
11494
2729
18866
7741
8244
14778
12089
17725
12948
3841
4732
12192
14648
13806
12009
10708
13610
3041
13070
18009
14375
9575
3802
8685
13536
6735
10457
15873
5655
14384
13381
17148
17112
12246
1240
1707
3375
13329
19432
16322
13521
515
4865
8168
10672
16874
15227
4282
16266
8296
2290
10640
17870
2443
15676
7757
9177
6133
19981
14831
16868
9713
8330
13979
18310
5922
12038
1684
19250
11469
18006
9122
8335
2870
17290
15358
16095
8868
15991
12361
17164
14633
19352
11385
17075
15028
15494
6252
17512
15474
17434
14379
5187
2116
4709
3496
8037
16746
5180
3638
4566
19537
12759
9252
18758
6400
4610
11205
15268
16952
3565
8783
11584
2916
167
8659
14295
12012
11262
11806
7486
8695
2536
9024
10810
7245
12519
18846
342
14050
2483
4908
9938
11594
14159
8696
17993
15120
19900
13260
12072
19816
18394
7
19083
14913
8665
9730
6924
19926
1535
14409
4973
4071
3432
15782
7667
12303
10980
8008
2704
9814
9267
12642
1407
3426
17689
19400
14897
13940
9011
3320
13755
7405
3327
9189
2317
8343
18918
9240
8269
16805
1
9593
17227
19784
5374
4893
8438
12705
9252
11142
2519
18519
135
3925
1944
17823
19676
13192
8114
8687
16512
18220
12443
16190
7408
11111
4532
2678
16702
9152
19482
16702
18744
16708
12838
4118
17952
1275
16822
7203
8768
15692
5721
8902
19617
4016
6724
15644
17208
11189
682
10071
9408
13124
6260
16816
586
7143
15845
17288
16295
15326
10341
15038
8385
3178
15507
2688
4453
8681
9890
13220
4372
15611
18474
340
15978
1549
12336
9537
12738
13017
19607
2145
2493
2218
18960
3078
5713
14804
16717
2007
6481
7058
13396
11217
10235
5255
13904
11039
13935
3794
611
14658
15756
19084
11350
8085
632
3685
17622
13369
13053
13580
15514
15545
15798
10825
14975
1510
1981
11691
19868
4813
18748
13263
16030
5335
18517
6285
16373
8803
6430
13335
19813
2185
12418
11162
10270
13050
11198
4243
2770
602
17822
18283
12499
13619
5460
7473
11480
7440
15515
7699
8604
10615
17314
4633
15949
12182
10918
8673
985
17347
18360
797
15884
10777
8310
2505
178
15859
6747
19300
16460
4568
13934
8958
14539
19393
16430
2370
3184
8297
10069
11788
18911
3734
12772
11211
15915
41
16235
16899
13740
14594
14047
9623
5371
2356
8479
1900
14566
11577
1199
11026
12496
15133
19983
3386
10877
12765
5756
14061
17413
12176
5848
16323
15909
14971
7533
11823
15012
3767
5074
8751
18361
15472
14725
83
17828
3203
18334
8745
11131
19533
19770
3626
11017
16105
7012
1893
5221
9119
15953
2633
17646
18152
18955
9906
13123
2839
1728
4486
2957
3153
13236
17669
18625
7960
17751
12804
7514
16085
1548
14996
11969
17670
18621
2985
13774
1984
1229
18994
7454
13534
1626
5099
8037
16932
15004
1159
19770
13084
1996
2726
16236
15231
395
11212
19542
14497
4015
7055
6933
1915
2050
18901
19584
17023
18237
13357
15358
15818
12350
2812
9351
10327
7910
17387
7258
2914
14898
7027
15997
16893
6104
8584
8476
6498
19796
8017
17347
162
11424
4279
2076
13473
19532
1659
6847
14120
15015
2205
9937
3716
5016
19287
10394
9277
13026
17651
12190
7923
1029
4538
1167
7133
9474
9642
9982
5621
17659
7328
5782
9082
11607
7858
18906
11138
5868
2105
5257
17235
4309
11546
17302
5676
10832
7696
14952
209
1698
3494
4483
2727
4383
5650
9859
10208
11643
16192
15828
5653
3520
17962
14734
15126
2171
9992
2615
8038
12096
4223
5272
12756
15768
2574
18431
2952
6621
9734
3160
8318
9579
7643
11044
10314
9644
17254
521
1286
13446
12701
3291
16965
10662
18024
8442
12832
4367
7408
869
12814
11630
2493
5569
3750
1418
351
6701
8038
6437
6212
16355
16015
10206
3751
6328
16201
1004
3201
17487
10801
15901
17129
4117
2914
15152
12558
15745
15871
16317
12965
8684
4299
15457
14253
8048
13226
10955
11100
1263
17391
17311
13970
13406
3869
17720
16085
69
18723
15637
13907
5876
11537
11035
9992
14450
2539
18902
6546
18409
15218
19511
7092
19516
11319
1344
3915
4545
8651
11366
2159
6041
8677
16128
15798
8897
10199
8235
8965
5274
3871
2872
11149
11760
13906
1140
2561
16444
41
5459
11204
11611
4969
18296
7478
12639
15991
7745
13535
4641
19110
15694
10682
4138
8173
2831
13034
18372
11065
1999
3645
11288
1222
11145
3047
11479
12284
1959
4275
8677
7417
15478
16639
8737
13773
4116
1376
6116
11860
11262
7108
7322
3307
17789
11459
11480
16972
4493
6203
8036
2843
6199
15675
4064
17343
18721
11894
5978
17032
16168
11006
4448
11646
7644
13185
1770
8112
10912
4237
16323
2173
11345
3644
5480
5485
11455
13311
2456
12299
19513
6844
15141
2063
2518
15556
15757
17591
7449
1734
14622
19969
9092
15421
7966
13087
8605
6087
17550
15868
10324
10225
18041
1668
10220
19872
3504
1674
13182
5960
13972
9046
9155
5464
11108
8024
1019
6864
5614
4820
4949
16587
4788
10392
12008
9105
3479
16964
15191
17380
12832
5514
7604
7224
3533
17824
3447
7037
19497
16628
9348
9821
2025
14854
15284
13132
2877
16303
16347
8491
17474
17647
5077
2261
8039
13436
7717
7869
10400
2907
5248
19583
8421
9204
3158
8305
7027
6604
11693
6523
19583
1040
16343
1607
15893
11627
11090
18770
4281
3788
3612
1754
1434
5040
366
5824
18476
8082
10044
5227
7340
11644
1161
12112
847
4318
417
7873
10921
12109
10747
6855
9501
3442
8461
1745
11420
19550
16866
12052
19689
477
13805
1122
1869
10522
3298
344
14955
9693
1922
2294
1336
3082
14406
18534
7399
11174
2758
14671
3282
13505
1525
9134
13298
6337
10879
4717
2238
7744
16768
1926
4573
6924
19399
6441
13797
19048
3136
5103
8741
5057
7396
6428
4490
18153
4962
11888
5678
7719
2910
5312
17575
786
14445
10872
7122
1675
11940
9359
9419
8707
11284
10343
11982
7034
16783
5778
6082
16270
10880
14822
1326
14628
17601
2167
9132
2562
14054
14810
6633
13315
121
559
14100
10917
7783
1221
12592
19722
6931
18362
4781
14566
8704
16762
1599
1838
2540
4032
18107
9771
18853
15784
4398
12806
17950
13530
11719
8355
4691
18351
1669
4811
15262
12120
15727
3044
9692
8318
19117
16622
3031
3897
7539
11734
659
9137
13571
19550
13169
8029
5672
8373
3812
10070
17530
18113
19951
9249
2819
4641
3951
839
5803
19212
12958
17881
2255
19001
2551
1372
15622
5581
1620
19512
17315
18630
8649
7237
14531
18169
15266
203
2893
15429
10272
16775
9894
6574
6023
12712
7566
9973
13551
13368
9185
2860
11248
7791
1861
13798
5514
13834
19379
7134
13346
13045
5763
18346
281
294
12866
11898
16848
12110
7327
3471
8884
13572
10044
14906
6283
17609
4879
16185
7328
10415
19045
14927
18205
17257
5077
3719
11090
4455
7204
787
13851
9318
19132
10483
5963
11997
2381
2810
4107
6059
6280
9342
19630
12675
4248
2264
6635
9126
18449
13962
15892
13845
8889
14096
11101
13965
14166
18542
14771
1369
19329
4973
10687
14812
15455
13001
6809
17835
15811
7267
3893
18442
16608
19874
11117
17207
2138
17751
2684
16938
8065
18575
10782
16953
12671
18234
7269
6836
13127
18391
4557
8807
3363
11595
3619
18817
4595
6779
16652
16757
14045
16896
15199
7004
16770
2667
4211
15259
417
6894
12196
8481
5469
19329
1785
14491
17562
5405
17678
7040
3795
2234
15847
7157
13828
19465
2326
14775
6243
15329
11531
16639
12224
6729
3642
5345
9395
4204
603
6164
11098
12798
10996
12918
12126
9133
7408
6039
14537
1437
13079
14684
3671
5277
1840
13850
4741
517
8624
10983
15845
155
7621
8069
3235
7614
9765
12630
11818
10368
15145
19267
19517
6140
12184
7995
15272
15943
10385
6161
17379
19815
844
17401
5091
19035
11251
9831
19552
19874
17165
15396
16380
1137
19816
19615
8751
5933
8596
16920
12652
3740
16186
12168
6231
4721
16514
1503
17015
6899
4015
10745
6713
4858
8146
11804
3892
15748
1634
19795
11973
15151
11543
8353
16287
7710
7967
1389
13642
16562
18308
6293
16653
10845
18461
2883
11917
11326
737
8931
18224
4751
19676
4937
9608
4173
13092
9852
19920
11077
9646
11892
6227
1188
244
18866
8898
4562
254
18891
1123
14914
5184
17775
2110
19996
17010
14027
11321
17746
2957
9545
2497
18984
10833
8456
3156
3924
14659
19427
11352
657
11319
17579
18196
7914
16444
3445
12476
13049
2336
9950
7962
7519
4077
6424
3866
1086
450
15186
18831
19758
1082
17679
18742
8266
2487
18249
8541
17145
17676
19893
17801
5346
17471
15997
13259
10266
19441
5734
3314
18128
15684
7628
5646
19760
14051
5863
17197
10852
1049
16027
10609
18482
10058
5702
6748
12544
3951
15288
9688
17978
15180
3841
3323
12650
16189
16581
19267
15629
18667
2581
13757
10702
6560
15754
6813
16962
1617
4009
7813
19017
16387
18421
17498
6444
4123
4245
18987
4425
19533
5027
18754
11064
8867
2076
66
5055
15008
19332
17035
10026
18264
7143
17079
4823
19249
3891
1784
17217
4251
5948
16233
638
4369
13730
3433
4843
14327
18772
5619
10211
3798
4372
1274
9016
6447
17691
10422
17806
17023
3808
7832
11638
10951
4910
16461
10199
5153
14596
7415
5755
544
19999
6392
1264
10080
6177
6106
4406
4948
8076
10968
5097
12447
8594
10464
15245
6284
885
13050
19658
4692
17233
11296
11994
2143
4108
18544
3647
15055
5958
9401
15598
2308
12145
13213
12388
18321
15670
13145
19620
3745
4113
1068
16191
9058
11531
11435
11693
12415
837
11351
13458
18069
2646
5452
16563
6753
347
209
18159
2657
9610
13757
4964
1754
3321
17351
16426
18991
10496
12397
19087
10960
13464
15278
16369
4994
3064
8061
13760
3900
19411
7217
18321
18408
9020
14883
1512
5719
15092
19671
8375
1053
9779
13338
19158
13099
10689
15583
8441
17536
4331
7528
4847
17794
19157
17567
2787
18572
5627
12898
18824
5038
16466
17144
19797
1838
12026
1309
7556
3469
979
15930
4521
10757
9267
3678
207
16307
15612
8648
10194
19942
12527
11392
17735
8035
8958
16873
6606
14585
9770
5429
15974
6236
2572
15770
8073
10950
13430
15628
14418
14408
7909
18939
1516
17175
18968
18075
9834
14580
3074
27
14521
15600
7771
8608
3634
16728
5480
6591
7664
11602
12020
3637
14189
10943
15759
2261
18244
9188
14240
12662
19948
2148
7952
17815
15674
6919
15889
5507
1498
15314
1886
12371
10913
9656
978
10898
6383
2809
13841
14047
14410
5860
14035
8598
13154
6145
7210
11398
15333
17801
411
11632
19948
4714
9446
11974
11632
1687
17480
9482
17000
15717
18204
4265
5372
19181
11514
11755
18341
5354
2153
12751
7565
12539
17700
719
18684
1262
8468
10368
19062
5230
1999
15362
9943
7796
3687
17926
5834
1166
7407
2834
13235
5610
3450
18606
1142
14963
6712
19483
16669
5216
8585
4233
17755
2636
1303
12790
3897
9770
3157
19311
11351
1507
11024
1293
5654
14710
19219
11488
12227
2977
10673
5461
4939
14122
4067
2432
5436
7130
18266
2104
12346
6850
6337
6452
5838
7639
19241
6086
13761
18749
5396
5111
255
12771
2756
5908
3832
18326
13747
16059
1302
4419
17871
2592
14892
18289
5024
328
5419
3289
2431
14116
6491
8767
567
12328
12758
19807
18413
2870
18555
161
7980
15161
9283
7087
17420
13115
5412
11167
5525
3066
11937
3395
5657
6829
18036
7032
7156
3454
6673
9586
17569
9515
14705
14487
18194
3814
14293
12958
6683
12847
13118
11014
4359
18753
18101
1778
11867
3512
12944
17391
2929
4881
17137
4938
8061
15172
11969
15216
18625
14993
1153
12545
859
12209
7031
19052
16022
17675
12010
19056
6873
1479
6422
11231
231
4522
13009
12097
4385
2304
5839
7314
3536
2976
12251
11596
18147
571
6811
13124
11916
4316
5668
12774
16524
9051
8178
8898
3077
187
7953
9950
18017
14374
1180
18248
15247
10540
6696
15984
12844
12535
19649
16379
15510
8251
7975
10008
5173
11137
3131
17088
15452
5151
6214
8328
14201
14391
17225
17277
10929
1529
3578
8945
12255
4758
3544
7501
11649
6592
19836
4492
19126
19484
871
10987
7734
5197
994
12907
16333
477
6346
8137
5627
12559
16464
16179
3301
10040
9807
14229
11568
13385
19526
3822
14494
19421
7675
6142
6012
7510
10634
5137
3346
7856
12475
7431
13052
9821
337
5736
10297
3035
13872
15923
15593
10335
12101
15246
374
1907
9474
8294
11643
5351
8467
6136
4772
16141
8630
7135
3
15615
12272
3348
3470
1098
7130
12873
10918
7467
18608
1214
10501
12480
13488
2445
19166
5588
17690
15892
3847
3516
4185
11841
8866
12651
14329
9989
5144
2958
17124
5146
18572
5747
4845
2041
3196
11974
14913
14114
15792
9872
11679
2644
2351
5167
5089
17869
7106
19130
13760
7304
2645
14296
19145
7863
3298
13473
14203
8441
12782
7678
9938
11353
9776
11134
9745
12972
19460
1009
3437
15251
10880
15115
14247
9583
16633
15687
7451
3739
14816
1210
7394
13813
11857
2890
18027
15154
12714
12229
3595
5495
16259
13532
13199
6034
1018
2943
19005
477
3951
2441
12079
11183
13908
6325
765
10540
2011
8215
10630
16827
5776
18024
6991
17632
17265
5017
9137
9979
13597
12731
11825
9855
2615
5024
15889
3632
7966
11245
460
8269
10038
12538
15803
3945
18863
16567
10836
873
1133
1466
14051
3260
15841
17393
17243
13105
2409
6379
19435
16006
19110
11260
2212
18076
16283
14452
18059
600
5697
18518
5220
12086
11055
1022
16030
6269
13940
3217
3494
11424
4682
17544
14683
16874
11289
11925
6331
13697
18304
5765
6054
13765
13376
4618
8192
9658
19069
6250
6610
1117
4767
8181
13202
12173
9203
5583
18442
19494
8800
1935
10918
9833
15830
1952
3059
3470
13877
9389
13519
8532
15153
19572
18648
4881
541
6839
14538
19610
13088
17499
17078
14206
5680
10280
2730
11234
12214
17523
10727
1013
15809
17996
7198
11639
19948
10256
11460
10176
19644
4978
15059
11148
902
13706
16028
1442
16896
6918
17403
6335
4416
14481
540
6447
1112
19621
17680
13325
17144
8407
10690
12952
2754
17887
942
19053
4494
12402
5580
489
17379
638
7988
18280
10695
368
16074
7590
7285
13476
13924
8052
7956
10815
14499
9067
10436
12178
2392
3931
16936
9433
13234
16042
3671
14176
15094
8164
2929
17026
5004
16659
17663
12991
14939
4710
13358
11012
8651
16994
839
18927
1398
8795
6093
12248
14213
12880
777
12956
16810
14065
2388
10044
10106
6058
571
1551
10573
3499
18576
15576
157
12591
8567
11447
17300
18276
18810
2302
15270
19649
17580
13019
4795
3673
5266
19007
12904
6042
11963
9714
106
14350
16109
6563
16760
13031
8114
7332
12881
6689
19260
9389
19279
7826
836
12930
6101
15997
15232
17722
11997
12811
10740
16791
12835
12357
15798
5739
18399
4112
11804
14856
14813
4264
1419
11572
17294
9532
15256
10174
12572
14515
19562
11851
18692
16749
4780
1144
9098
16363
15218
1094
9174
2309
17885
18360
14666
10034
4098
9416
14145
15901
623
8957
164
2041
16881
13809
7924
12136
3982
496
3002
19896
8698
18045
12996
13477
19188
2093
9840
14405
3187
15365
13066
1071
10076
7731
11104
14174
13498
1600
6426
14120
10556
2942
12513
7436
13102
16788
15923
17084
13635
15276
13331
2332
13320
6326
12161
12508
8419
18352
3264
7957
10068
16329
9027
143
4059
16482
10668
13908
18081
17094
8028
4988
16387
540
8776
9488
13679
4698
2923
7314
19974
16253
9645
13293
18931
18157
2152
3701
16508
5416
11657
6575
1744
683
3070
2155
13516
13737
12414
7948
7182
441
12935
19920
17332
1710
5760
11011
2760
8682
18324
2733
1287
4320
12377
217
18829
14529
3917
15336
16296
11925
18263
18039
12607
17684
16545
2474
11420
8959
6773
14954
5751
19707
14873
3083
17769
632
10445
528
5666
5120
19612
6952
9439
8340
3520
4619
2868
3788
19955
19163
15712
14569
13554
4670
12252
6450
7143
23
11760
10267
14976
17511
9973
6201
16945
4093
6832
7389
972
12497
8860
16935
15800
18298
5275
19319
19269
4494
19458
19223
3657
15169
10143
13562
16190
18746
11
19684
18768
8123
9950
10096
5633
16275
16296
18929
367
19479
2669
17691
8328
11528
14625
4127
6177
19899
19798
5445
4393
15607
1019
4401
7128
11161
17962
3317
9906
14324
3001
5026
2446
9302
11473
4430
5576
7768
19710
5943
3598
2378
3633
11925
13905
14609
12404
82
14508
8553
1878
15252
4159
2897
19652
11286
14057
13965
14603
315
4640
13955
1692
7086
3256
13164
7867
5184
17283
7577
7478
880
9954
7462
9157
211
2070
1560
16644
12929
10112
18521
8180
10622
1417
7831
1908
11826
18147
12862
8492
2787
3168
10183
6224
2775
3346
14090
7958
16980
18018
15435
14211
4324
2896
3367
886
4966
1278
17529
17894
7741
16049
2426
18363
13818
6608
16622
5643
4755
9483
14134
7541
9002
668
10116
11776
365
4205
19734
17344
18575
11520
11554
2898
14416
11273
3783
15733
12550
17663
9978
291
13711
12403
18653
3880
15363
11626
5874
117
1108
16359
4009
6461
17026
14124
18236
17390
14680
14321
11085
13254
5841
18991
12503
16608
10263
12637
8692
19164
10299
15021
19454
362
3776
14458
4241
19138
6083
6467
19254
3542
2825
19614
10002
19851
13737
4590
13592
4768
18910
1029
18022
1102
19
6876
14061
6633
19513
2752
5796
6163
14125
1602
6524
17900
16059
7117
17037
2142
13583
12642
2035
16407
12255
12037
12609
2343
12978
6201
7110
11887
3581
1483
9341
19951
8359
3401
6583
4223
2505
8730
6737
16629
10331
9613
10880
2742
16729
7916
1235
6663
16909
3269
19421
9163
11657
12030
7857
4634
14582
14966
12873
18162
12801
2213
18112
17511
1965
1046
18085
821
9775
4821
13801
16458
14433
4680
19199
7513
8947
433
14175
5855
3701
13596
11369
15358
1977
19225
16343
12910
10543
9215
11071
3343
11427
5534
853
9744
2931
18937
10564
9057
3757
4365
5514
14542
9044
4712
2054
17991
5144
16229
197
5197
6176
11566
16906
8152
10790
13248
17413
17684
2463
8483
1026
10241
10368
1878
19984
13298
17166
10548
2354
17275
14912
4220
11816
307
8931
13869
14649
10427
6449
14846
15623
8976
2763
8880
13479
9904
2127
10891
7588
4589
15725
8613
11182
6092
6843
11165
15741
360
18064
14447
17634
12975
18666
5801
9634
3948
16022
4282
14374
18822
15479
6348
7798
14593
11579
1276
4497
13706
12167
12084
14646
7891
17048
5827
10335
242
13344
6075
602
11407
16873
14587
734
11890
16740
10367
15838
12761
11000
6563
11582
2831
9263
15731
17423
841
17007
1919
10898
5525
10354
5544
13415
3754
7722
101
3995
1065
2528
948
12472
19400
11887
13205
11290
8626
19923
3479
17738
10922
6393
5671
10104
15655
1402
7527
12848
18408
9445
3745
3932
16151
9288
13698
19904
17010
13799
3898
14426
16326
1198
6897
15725
13084
16453
3366
1709
16375
3196
15798
3649
9589
1468
13752
1595
2869
1278
14442
1276
7075
14539
1559
19577
3826
15257
19480
17187
9055
19729
7965
1732
17278
14861
13808
10361
7666
17174
8421
4040
16721
4218
4040
6309
5686
17792
7904
4906
15421
18697
2534
18847
13235
4092
18423
13413
15700
14254
6951
1106
10335
14915
2837
7612
6128
16645
17973
13793
10170
2745
14184
6890
3315
18224
9551
5352
12367
17454
10257
7787
12502
12790
2986
2089
13234
17760
15501
8933
12014
18803
10039
2348
13718
9227
6311
16197
5871
635
9989
12392
3380
4172
19282
6694
2395
8832
8397
14761
2637
18653
18900
11490
7795
1885
13578
1028
19644
5430
6312
8009
4233
12702
6708
14302
1929
13019
10498
4151
10005
486
16543
13384
1009
15824
16429
19756
1007
4825
10868
19995
19830
9767
11484
7624
8003
5062
5003
3999
6843
11314
12007
11075
368
15067
1728
2296
4437
12225
6446
14441
9062
2988
4177
6423
15163
605
6178
12521
1782
17045
12515
17963
3164
351
1938
11166
1764
6940
11516
8606
14605
19875
16033
14972
14941
17760
13619
19377
6337
65
10169
11750
19404
14345
18172
10919
11302
701
19791
9435
17746
12306
7397
909
9008
9334
8426
10771
12625
19942
19376
3581
16168
11760
14905
11108
5872
8523
6836
8560
4939
17004
309
695
7701
14833
7965
19002
15533
7755
8436
9630
16412
12184
6890
5419
17869
15316
16189
6845
11609
11917
10425
7776
3676
1681
15235
5899
6556
2070
14458
7846
15425
11119
8540
3125
5951
16504
18478
17835
4259
3265
7465
670
11800
14354
2441
9668
6021
18629
16512
17629
10545
3289
5404
10573
1321
16990
12823
7876
19059
7281
15722
10836
18399
613
10312
701
17117
8790
18535
17727
8406
5999
14748
206
16705
17188
9873
2725
12169
2737
354
19065
2377
2109
9637
3697
19099
18812
7925
14509
6092
19998
5344
842
16962
15656
1542
14078
797
76
8156
5554
2427
19256
5759
19131
16443
11984
1855
4963
11072
18560
4028
13448
669
10016
13496
16119
8827
17772
6979
14918
17769
12323
15759
14731
4330
13652
5160
1478
10080
9668
7031
12506
8923
9142
7988
1717
1125
9842
6680
12196
4754
7059
1995
1774
17074
15490
17892
5901
9614
4870
17170
3734
13544
9281
18464
14225
2932
19976
12054
13011
5995
15437
5516
11269
4578
9855
9337
5702
16049
12368
14249
802
19426
16243
2575
16500
8084
16818
18752
17697
18039
15921
1431
7935
5201
16246
18511
4485
12573
10565
17495
18567
6001
19363
6187
10578
9217
15524
12631
5265
7891
6879
2418
3669
19473
4992
16520
7556
1809
15271
1605
16200
7543
3035
4134
9096
19280
2644
13580
8205
13208
7426
6771
15560
3140
12958
2489
12357
4833
11471
13973
12723
18349
16391
12743
14173
17734
9262
1729
15895
4532
19685
12094
12075
2719
16227
17522
18350
15222
11101
6554
4782
18526
9677
341
1666
18986
19182
10374
3818
10652
698
12892
9001
13440
5635
19525
11174
14896
17605
7068
15780
17289
15513
4206
7
11739
1727
14709
3312
9179
17614
8093
4056
3642
8434
2073
2627
7615
12446
2796
18266
9496
12040
3618
2935
17674
19495
14108
8921
17099
17527
1052
14388
13039
1609
10746
1129
3335
5454
4441
8865
19420
8885
12921
3061
17318
14993
5688
1284
7439
4835
15902
13286
16874
15871
16220
10899
15365
6680
16172
12464
558
17223
6851
9949
18832
17596
7429
18518
19402
11869
7383
18821
17106
303
18233
14423
11647
272
12059
19085
5107
4312
8722
1980
182
4942
9231
15547
7973
5402
4362
8530
18976
7564
18478
14159
1511
2259
12677
912
10479
16411
16084
7584
13065
14317
2007
4711
14588
10417
148
16046
14728
8869
14378
14909
13810
3608
6807
18134
5361
7520
6664
4336
15083
1493
18495
16594
103
11171
13857
10582
3933
9941
18165
16997
609
16523
1707
11548
6939
1854
3946
1666
10723
18323
12927
884
18282
16085
15370
3642
3605
18385
7977
18687
16229
6471
11632
16332
13993
5489
6913
17925
11781
5077
11273
8741
1600
12980
16640
8538
11185
585
6556
18259
15259
15834
15495
13540
11918
10864
17181
15522
9248
1510
10561
5476
4332
2192
1807
14677
4032
8719
8953
12164
13796
226
904
11747
9557
17544
16636
741
14480
3191
19000
9739
19024
14494
19630
10942
1709
13163
2815
10956
14672
9727
16431
15355
11919
14590
10031
12302
3308
18984
4466
13455
15561
1721
1553
5117
19264
18189
2209
10096
1379
17560
19834
16755
8405
19463
4048
10113
12625
6862
1068
3648
16589
13851
19003
4859
8440
5385
13512
8099
4368
17977
17906
16280
19698
15810
1396
15313
13998
3605
5408
11729
17516
1593
8483
5921
1056
8882
16033
10032
12095
13453
10032
8683
7303
9034
9893
12094
14418
3405
16544
15138
17733
10801
11417
13782
6611
9165
9095
16960
9121
10854
8688
6636
12447
13522
12556
9854
2403
8589
16237
14498
2041
6268
19532
5695
11653
5777
14140
2423
5533
7035
17560
19617
17836
5328
13399
798
10844
18845
17757
19964
9698
2797
6600
18496
16318
15507
4701
15073
4095
938
5922
2487
3557
1805
4533
15210
3933
18672
17632
9465
2059
11543
5434
19894
13222
18832
691
4066
17676
14799
4029
3725
17595
6980
18573
10265
2487
3273
1689
2933
4210
3962
1772
7767
2118
6304
19328
6051
1328
16959
11867
3386
4853
17300
19631
14426
16131
16673
18491
10158
11471
18872
10235
9066
5851
8807
15682
4689
12079
17370
7622
12641
1331
5745
407
3448
12048
16086
5850
9727
13044
17717
9464
14248
11368
9094
8673
3851
5766
3516
10360
13589
2387
594
2654
4589
9400
18335
9278
17831
12056
13251
10471
9738
18995
7229
9537
7394
3314
15387
13473
12709
9455
2936
3308
822
8382
11980
4672
10499
15495
15032
4087
14233
11977
6740
15174
17729
1426
4451
15559
9833
14053
2381
19570
9399
5961
5459
16792
9274
17197
10264
18334
6651
9552
1641
3824
17933
13620
4848
8431
5467
16231
8870
16051
8207
11961
11224
5935
9739
15674
17845
19571
6078
16577
15493
15476
2537
951
8620
11810
18147
15235
10143
1149
4786
8135
4972
19070
1755
9819
3853
3573
6049
12722
19623
10608
4682
10847
12894
14420
2872
7091
10343
8950
3667
5835
777
6204
3137
5748
14365
17635
983
860
18783
2120
8994
106
1190
7100
6277
1394
10672
8677
14115
10295
19284
15148
17493
8530
5920
364
15620
16262
5665
15638
18448
6442
1841
17936
8541
12558
11922
9523
9769
7056
11643
15114
7161
9184
2214
9789
10577
9237
18466
1043
15883
14101
16190
13375
18982
18461
10091
14601
11074
15755
10239
5873
18548
8431
3808
7089
17340
12081
16611
3460
19136
4605
18574
2649
13788
17139
12437
716
6375
7254
1758
18610
17707
14300
8336
16688
9112
18426
11289
186
14181
17879
6058
9080
2661
6218
12520
1
18298
5483
3460
13786
10087
18385
12786
227
15523
1574
17294
18250
8828
19052
16859
2886
9703
5194
19573
18814
3620
7213
18999
14152
5091
1409
19583
4104
3978
12103
4104
18627
17585
3915
12412
4023
2300
5197
4249
17822
6771
1543
16071
11950
16946
12929
14835
3000
14475
10759
1813
18094
17972
17164
8597
19414
14924
8179
3517
18901
281
7620
17527
14217
7887
6291
18240
10186
11487
2488
4359
14609
382
430
2910
13679
9710
14096
16678
4184
4855
14843
18629
2826
12006
7225
18591
6929
11756
2108
2181
12036
6079
19707
2605
13965
5997
844
4150
13836
19683
4861
4796
16417
5290
7706
10095
11351
1801
6773
15535
3007
1615
10515
2184
9972
17740
775
13252
5847
2882
15432
14234
8960
15138
16838
19277
17487
17681
19778
11322
17364
4638
16117
13780
9927
174
226
17630
1975
3350
13164
1333
1316
3678
3517
11287
17769
4291
890
3615
3524
16321
17849
8835
7811
14686
8111
5297
8719
7889
12970
2434
8878
9086
16213
15157
9260
12790
12786
7586
16140
2301
8918
17455
5978
8786
8742
99
13076
9631
65
12951
2304
14265
1786
6466
5303
9896
8114
14021
14136
1083
16454
3014
6520
9018
18170
15779
1807
7307
19716
17946
9607
4986
15401
11936
13771
494
12034
3199
6476
8451
16149
5131
2715
17934
11596
8017
4182
19709
18389
14669
17143
11194
14034
3663
211
12203
15793
18370
15861
15509
12667
5467
16846
8067
17403
10616
4912
9436
10166
7740
14238
6315
12870
16953
600
818
1321
1133
526
19710
12154
17669
10903
6187
1331
7466
14742
13475
5835
10602
8983
14853
16069
5828
19272
13471
12796
4183
19258
2961
11922
13496
5627
1144
6800
2579
1961
8120
63
18838
4181
12216
16506
11436
18403
14188
18901
13144
7663
1087
97
12997
15939
16165
15177
15210
5987
7972
15745
5245
7284
4018
15092
9263
5161
1891
11841
7121
6362
8255
5959
10543
471
18816
18330
15225
9356
17230
4720
13370
14668
4816
6366
6958
981
1542
2168
6967
5865
14264
8563
9501
18281
3654
18763
3442
1896
6955
6914
4610
15209
9224
15152
15679
4392
9833
7255
10099
7062
11974
3468
18081
16790
9833
5038
17770
7727
3557
1088
9943
17820
6003
19443
16101
6008
18205
15894
7904
5159
19159
8865
16720
4735
4016
8750
9126
10200
16005
19224
13613
7978
19043
11693
4767
8875
13082
18888
12953
16639
16328
2896
14458
18682
2338
6910
4689
16895
19155
8944
18405
14666
17808
15124
19400
18175
3874
4877
8374
16230
4100
1986
4207
3142
13678
5326
8368
6760
565
17673
19750
16892
568
10559
15573
19257
13821
16614
16151
12975
5557
14556
7640
3365
6031
7039
1539
6256
11915
6265
2485
12366
8250
6692
11859
18280
12017
16579
1391
8933
14251
1140
5825
14818
8050
17749
10426
1870
14362
2929
14845
19919
17484
18836
19635
19866
2227
17525
6122
10493
3789
8606
19211
8391
11649
11069
6670
17
3999
4412
8950
18249
1903
11126
9418
9952
8874
19844
11822
19588
2772
3018
15858
16607
18205
15492
16472
431
9368
18945
7276
13157
3903
6486
17899
15551
13906
4568
15568
17905
5331
869
16153
7233
11994
5571
17184
867
1766
5357
16806
889
4726
12663
17495
19283
4506
10318
16065
13874
5615
3340
3382
9517
6177
1280
5067
83
2199
16986
17987
7529
17854
10491
14761
9847
12413
8296
7066
10530
10005
3871
11418
11082
16534
8912
10364
1039
15582
6429
11264
1196
6120
14645
10712
12297
15924
15778
8731
18122
9116
3069
5650
6969
13559
16762
16816
2324
1410
3881
12853
7766
7751
4271
18847
636
9534
5563
18027
5115
8343
9290
6310
14462
3935
17021
3110
16210
9151
11840
14332
18266
11260
16333
5234
4819
9447
18401
7142
10856
18633
16346
18621
2736
616
13819
3371
10150
19381
1397
15264
7723
10687
17926
18537
10973
11298
1646
7182
448
9838
17865
15065
1097
14198
16651
2267
19996
11403
5760
7203
10036
2106
5823
12771
19073
15993
16141
9222
15374
13890
838
19448
4576
18763
17984
11900
10060
15982
19081
6860
2171
16946
1924
19619
7495
14926
18238
7490
6329
3997
14692
16364
2454
16866
9134
1527
12858
1626
7100
4583
15515
7937
383
16442
6699
14718
8341
13111
10699
3774
19970
9221
719
18245
5192
4565
13171
3429
12054
15851
3777
3097
12214
6231
19962
17699
4109
9171
19324
11208
10106
11191
19145
10488
3984
2195
5205
8677
15305
12256
12450
11626
17828
9520
9871
3019
14084
19393
6447
2489
15243
10224
5585
3808
12806
1898
1506
16914
7420
17181
8121
13877
4723
7265
4364
8707
5812
5921
17383
1116
14528
9832
9094
12355
15703
15316
15374
9786
11060
18172
8626
6302
8395
14210
6461
1200
12459
4318
18113
19878
1498
2586
10107
2573
9850
10822
11279
15661
16742
8661
13129
7621
14844
18574
19976
10546
13889
11701
16683
4948
9872
5308
7601
14619
15869
14061
12170
8327
18378
6635
4556
16227
9220
14662
18799
15421
5484
10077
7434
18577
15089
16914
6198
6284
15487
2525
13181
9375
10577
9863
10674
16800
11522
18274
7770
7390
8686
19940
12068
3415
2926
12976
19641
8497
3989
14792
3917
5824
1220
11350
4401
16309
4615
6950
18944
101
5826
12125
5827
16402
18339
12852
13201
9861
11125
971
13602
16162
17262
2022
19576
16539
14997
15569
5035
18985
10360
8951
4809
11579
16653
5561
4239
1267
12510
3183
17720
14687
15307
3546
11088
9997
16398
640
19857
3874
17962
9811
16388
11575
11832
15963
8113
3180
11531
13147
2164
1890
18450
3324
13469
15102
8884
17707
12720
17745
17241
10439
8783
12547
10337
19870
18896
3086
16862
18752
6959
14823
4914
3346
2750
16745
15661
10862
19924
7191
361
18440
5433
18810
18115
15253
13911
3351
9311
2982
17447
6552
13421
6230
15450
3757
6099
14345
3194
19312
9449
10152
10487
14362
9850
13236
7459
1862
4097
3734
5404
809
2173
10836
19618
16640
6088
9880
19990
15399
12862
17436
18302
6282
3665
13751
6390
6116
8096
9583
5427
17544
16086
15913
11905
2287
9148
19363
4148
9597
19449
9552
10405
1621
16739
6375
14612
19179
16254
14601
10929
9115
12037
9230
11748
12053
2980
14489
18168
11075
4071
3595
8618
16509
15859
523
18795
1359
16237
19295
7307
15685
5198
17711
13658
1936
437
8269
1114
16691
19222
12042
5805
11258
1271
13905
19662
4251
8393
17830
15325
8816
17776
295
5324
13634
17169
470
14992
13405
19764
2298
5442
4961
16361
19099
3249
16797
3719
4362
13487
2940
12756
15644
10549
14026
5900
10211
14628
14292
8040
6305
3107
2167
6599
8430
15800
3767
8900
7144
13523
5015
5793
18964
6328
2153
14414
9576
15302
18133
13937
5140
1072
3044
17135
7973
13422
3034
18183
8049
17326
2574
10705
432
4740
13655
5214
16891
13773
10465
4034
7296
11831
9827
2611
18158
8331
17025
7733
19984
15157
18022
5124
12580
17417
2258
552
10838
1644
15086
18887
18969
17659
5943
15752
18750
19598
17317
15641
13370
4133
16026
665
15964
2204
3276
14121
10535
300
18206
10518
11808
12579
11993
4387
9995
10603
1291
833
12246
16376
16071
7566
10387
2013
19669
9136
1610
16986
1128
11332
1118
17154
11996
17081
19357
11623
7554
9891
8274
2111
16761
81
11041
5105
820
17387
15707
2110
14571
7952
14837
10641
11869
5223
9006
11538
10711
6967
4875
11838
18298
5992
8991
6646
19425
8348
14620
3330
14590
2894
5440
7702
19326
16480
12807
145
13866
8513
18606
8437
12817
9795
15429
4685
15017
786
12574
5727
7753
17448
13917
2402
19792
2907
5399
19216
7606
19
2545
18548
2912
4336
6249
2237
815
19055
18734
11032
3920
17339
15820
16736
7133
11249
17772
18502
8386
6698
580
16138
4145
14496
14892
288
13755
290
19503
1360
308
18399
19907
3219
2734
6156
1808
19900
1562
541
7284
5481
14231
3103
18568
17716
10703
12692
16217
19089
15741
13148
11578
16237
7644
6469
16525
17750
6759
12379
19109
3418
10778
15368
2989
9863
17875
4796
9763
19436
1688
17046
1269
15918
16500
16188
9985
7203
5231
6201
2643
17323
15701
14220
13560
3344
17041
10084
17445
151
18814
16553
3568
9591
8272
6556
19454
6146
7703
9216
1934
9390
2613
19554
1660
19112
12093
11644
2666
13676
14197
5308
10998
9897
15880
4557
9592
12920
10992
7036
13070
9806
19940
12989
15748
8212
15897
15201
10709
3599
768
12642
9341
19732
8547
7352
18844
640
15347
17861
14315
5895
3169
5312
12143
19048
6221
18086
11967
13564
1473
1388
19721
1413
14376
15469
5976
6624
7021
16684
6575
7789
5678
15915
7520
14224
19618
2715
14863
14964
576
5529
17211
96
7193
9353
19143
9765
7439
7461
3328
8911
5200
19401
10323
15927
14869
12650
2551
1889
5686
9125
6029
11363
1391
9901
1938
17360
8967
13153
8675
5894
18681
5885
5989
2225
15238
1483
11989
2676
8943
11669
11586
10494
11069
18261
6421
2289
7262
5323
529
12947
14447
6558
661
12189
12810
2599
9548
1776
12103
18222
7670
10783
4107
10010
9360
19344
11493
17700
18371
16787
9368
9956
7281
16788
4568
10053
19076
11830
15375
15957
4776
6173
2514
5437
18361
11675
4387
4260
13450
16489
18833
17471
3623
2939
3833
9334
18634
15325
7034
17004
8463
16401
3312
15743
9541
7879
2147
4968
19708
17521
924
836
3693
19789
2624
18405
11463
7010
2664
1265
19850
1497
15087
3472
787
18919
12806
15773
10595
16191
12776
19058
8943
12439
11152
18483
16670
13299
19803
16377
7171
726
13564
7216
16867
16187
5620
8329
3196
8284
5945
19397
6132
17384
2869
3270
16302
12026
19042
3249
8216
8170
18658
17158
608
6161
11993
17277
19459
11795
10006
2982
8872
3569
10197
5738
19756
15816
14067
19303
451
16363
18700
2934
13746
17920
6204
6400
6297
5245
9648
10864
13414
4657
4373
14022
10817
16365
7650
6628
4511
17655
9609
13383
17576
19805
19120
17331
11972
9538
12985
8775
5901
8036
11708
19646
5955
17911
2397
8603
3156
8396
19466
12921
13052
3839
3294
3869
16555
10944
10496
1066
4950
104
14448
2525
16260
13567
16207
4583
3105
9192
13357
5357
17227
5065
1354
19534
19327
3751
8136
18834
12146
7602
11755
5198
7792
15048
9066
4346
2343
19561
5411
3645
16016
16210
6169
8627
9777
2376
13209
9233
7919
6566
14589
1497
7982
15942
1030
7308
19692
9166
6142
8190
13119
14248
13387
910
5647
18804
1607
7990
14716
3370
11634
7083
19579
14154
15709
9355
12881
8917
18587
799
11834
9527
2296
19815
5469
3325
3475
1512
8842
9616
6053
18312
215
15791
19221
5861
14594
17180
10202
5661
549
18187
12743
127
12341
8451
5834
1573
13720
772
2372
5553
10299
1019
5368
12119
695
8842
9982
5889
14809
16035
4200
11375
11825
19773
17235
2771
16952
3789
4783
17500
1975
17526
13978
10667
5976
19811
12240
16047
583
10963
1600
7233
11981
3319
19351
9027
8512
5684
14915
19672
1718
19115
11046
9895
18887
4632
9017
12190
8420
13799
6041
10395
7676
18
1061
10004
16181
9652
6050
13115
614
7649
347
8946
7319
16049
17973
15830
1732
12887
15501
19802
8353
2898
6048
7239
7530
11416
15780
15949
5214
1820
2695
12890
1838
108
19245
14370
9759
5294
7484
6725
12943
7830
15670
16613
3878
13642
12443
1961
6529
4295
1762
14881
7193
7809
18472
14722
19224
14251
7022
790
12423
9717
10031
14260
6176
9275
4981
15934
14568
12464
2658
3862
16645
14680
475
522
8321
9269
2482
11201
13563
596
2434
17107
8404
17257
8180
3980
7859
15202
1121
281
1270
11151
10892
7445
16777
15872
19730
7696
8335
18740
11558
4979
13419
8384
1852
18091
17652
686
5644
7566
1281
8077
4673
6036
1685
12852
6367
9543
4405
7487
9824
2026
14989
715
5822
11765
16587
1904
19461
1273
643
7370
6252
10413
15753
4455
4855
9756
5140
10498
17321
2772
14926
18345
8808
16610
7549
11526
6153
8305
19013
15976
10331
14001
16690
16152
2118
9628
18055
17930
10901
15049
5299
17152
1813
17403
17958
6668
3510
3098
17165
830
5869
12091
15527
11028
5052
3075
2554
11204
11379
17918
7179
18061
8270
221
14213
10387
9848
8619
4668
748
3668
9966
14251
1832
3720
12209
8499
7229
11658
2016
4411
13878
10458
19937
1258
15509
19363
3811
6713
7093
18080
10243
1506
6349
6815
15718
13088
16663
688
17755
13762
707
4073
4365
2539
4144
12925
11037
11373
4582
13052
12135
14811
19861
12071
16068
15370
7785
19878
18434
11229
17957
8676
12734
658
11843
4803
13745
8505
5491
11499
18618
2549
11923
2982
5087
16067
15906
16124
3791
16839
5527
15925
11650
1740
4347
7717
17109
12131
3947
11894
19711
18255
16921
8797
18912
8763
13599
9008
13619
15441
16859
12237
17990
8781
11570
19428
1199
3828
11903
4989
666
13782
913
8667
15521
5259
12736
8981
13741
16682
874
13452
11288
17794
18600
6552
6557
8550
15559
16527
343
12417
8763
18332
17550
16685
14111
18748
512
6014
3737
17529
19795
1001
6196
15315
6260
15283
4295
20000
11964
1520
9803
19603
19313
8402
6154
2221
16952
1713
15100
13646
10481
214
8329
8030
16898
2439
3130
13761
8452
3218
7642
4598
4218
13837
19912
10477
5471
558
6829
17434
18429
12983
13388
14094
17737
19542
12666
11040
17606
7765
4685
8086
7979
13013
12468
1228
15451
11949
14989
255
15166
2630
4852
19383
12818
1116
6212
18288
18025
9392
12073
16454
18726
1812
10547
16462
1353
3212
7501
15310
7329
12185
19748
15307
1549
12215
12886
17000
4163
7874
17254
15680
6855
2105
11414
16024
3220
13977
10663
1245
3368
19087
14050
2094
899
4596
18555
18603
4159
2408
13913
11487
10944
13660
3145
12493
2226
16031
9492
2740
256
3097
18419
3463
1553
9832
19486
4773
3809
6501
2369
3528
5587
12770
1973
2837
17365
16880
1440
17875
19287
11704
9362
10230
5363
12506
2722
3940
4888
8565
6679
5144
11661
1449
8606
13214
7632
4443
14338
11440
10943
13058
11320
16530
5827
13292
15718
19543
10171
17157
17417
5809
5212
3130
16039
6926
11988
15112
10865
16875
29
13895
2018
11689
15343
6975
1254
2975
11418
11943
10766
2360
5000
18437
15241
7178
11729
10959
6720
18251
4467
489
4060
9679
3618
16450
16604
15605
7913
3821
8832
7941
17715
10849
15982
13058
14176
13587
12384
5593
5530
19501
4304
6881
17938
19545
14059
9666
6855
17130
4268
11321
13970
8327
17351
13940
1128
10307
5896
9041
14127
14727
13333
11841
1928
9314
1250
16103
2901
13633
1695
4782
13134
5998
11662
11071
1894
2072
17088
8748
15554
1355
16421
9523
6034
13771
3462
7161
4077
5710
12553
14555
436
5886
6396
2363
11551
7645
18465
10803
17630
16511
15584
10763
2509
7246
18185
4402
5669
11624
9502
1222
12978
5922
7097
15363
16044
10558
18876
16473
12619
11428
11027
13055
13665
17422
15417
1568
1419
10234
12370
19048
6744
7954
6162
5604
11551
698
6358
17219
12321
15859
18441
5298
18132
5537
17013
14175
12446
15888
10647
5065
3667
1674
14471
17332
15447
6239
18899
16865
16472
7620
12264
19568
15573
18425
1523
3475
19122
7880
694
7794
90
15486
13092
18221
1022
10104
8748
9819
2343
19394
11235
6009
17419
5705
19692
12866
8296
14942
6082
1119
2562
14698
686
14486
13122
18561
17961
8596
2792
18654
16389
19234
14139
5832
13806
11512
12287
2553
17682
10981
18299
8917
16990
12069
10973
16681
4934
19268
7975
7368
16739
10536
2065
13776
1373
11538
12336
19333
16485
15128
17986
9226
14361
8476
11409
8166
16339
48
7071
10373
11028
5369
19289
8017
17437
6613
1050
18723
2233
5376
2442
18971
15911
4506
12746
17283
12395
1434
12968
8880
12913
7305
14457
7273
12133
5865
11790
8471
5912
15212
18843
16940
580
14483
1308
14369
17448
18709
9443
16032
4084
11884
11354
16346
12741
4099
9981
5135
1884
2948
10366
14796
6604
4822
18420
18736
7039
6562
7207
12950
1773
2401
6241
2353
13236
3901
13073
10683
2609
2515
3066
6693
14398
14419
19390
3490
14869
9370
8624
16753
8669
15342
11548
15273
163
9968
14008
3553
16529
17566
16503
14653
19967
19095
17005
9554
2995
6429
16588
5604
8943
19653
8648
19692
14071
8037
19533
8939
13759
8157
5691
2427
19850
13591
17699
16364
19910
8059
19917
12790
5624
12771
7442
1942
11865
799
11495
14860
7227
8082
16815
12522
7734
5462
8565
1804
9850
8098
7095
3608
16254
12785
2387
16103
6375
85
8818
6284
8143
8734
19073
13767
1504
2867
12060
13369
3665
3555
4580
10891
7988
1394
3412
15722
3207
11977
13877
13056
74
971
13016
12679
10108
15402
5133
12834
11838
13950
15470
16333
2684
14542
6451
4187
17408
18510
13907
17424
2064
18486
8315
10052
16231
8078
2125
19437
54
12353
8845
16479
13324
1860
5509
19783
13613
10641
12616
5450
943
8085
1782
19978
18979
8232
516
12738
3094
14423
10162
5157
9260
18476
11560
5491
6553
10036
4927
2959
2389
10123
15789
12064
8334
1298
11846
1946
11938
4461
3748
9232
8898
1881
9209
7876
6465
9725
16965
9558
499
7126
11066
9758
1953
2626
11600
4858
9013
12879
7816
11401
3001
3604
19816
11335
4901
11661
9632
13191
12474
13379
18774
1371
15260
4335
5598
18076
14059
2562
7633
10909
6040
18698
17018
4344
17675
8618
9201
3040
1496
13368
14440
4496
16972
14256
12182
18224
2268
1814
7766
11093
15192
6540
8815
6803
7226
14412
4878
1284
13326
8862
8544
15717
3912
5561
60
17938
10530
9261
977
12025
2628
11769
12873
15951
2376
1406
10527
4643
3219
18292
12088
14763
1183
902
1565
8408
11666
2795
6043
1343
8008
10938
17059
11919
12851
13470
9857
3380
2730
7185
11757
1710
18953
4629
14012
17680
2386
4538
2323
5605
19182
10762
367
16716
11663
18283
1476
3328
1077
3870
4670
9085
14808
18080
17355
7658
11550
3563
7389
10631
10748
19145
12340
6052
125
2704
3732
2511
7241
2406
8115
2774
13167
4833
19490
4829
3115
17317
4509
544
1186
9178
5980
12345
3610
3334
2
15159
6897
7391
5789
13996
2887
14481
47
3012
17184
3778
5522
776
6183
9988
19902
19349
14820
19391
530
14286
13059
5038
14829
14244
10567
808
6589
14176
4142
2942
9334
7390
6684
11475
1385
5923
2307
1431
8934
15842
5209
10807
12969
7743
17146
12870
7092
11965
8612
3973
6250
1670
9010
17431
12266
15928
18238
15206
10104
2379
18147
15789
6120
1183
7263
7504
7105
5921
8935
12390
1762
10495
3196
14731
18237
341
7600
1680
8657
12564
5652
11258
14233
14661
5040
6498
10589
3278
1703
17044
2008
16202
12832
8128
13736
16447
15631
17192
2367
917
9581
481
11411
9128
15211
6000
5820
19162
7679
14476
11725
13331
2085
5958
4343
7125
8807
11283
6754
6862
4678
8761
19415
17510
13240
13150
10308
5223
10341
12674
6139
16273
13154
13902
5400
4716
19901
11219
3878
3931
2046
11954
13613
482
14263
17956
7606
3070
5590
10711
6283
10268
19472
5697
4129
12711
15198
14436
17933
1890
3461
424
18162
12967
10677
3561
17682
6929
14779
17911
10859
13176
9865
4472
13657
479
18779
17615
3548
720
8325
6182
10987
7796
11878
15115
16859
3427
5902
11143
5316
9363
11566
3477
18681
18594
3389
16362
5522
14519
10625
16381
7694
16841
17204
1351
17319
15982
18965
17219
13053
7289
3400
4040
11437
11630
15506
8295
15056
17760
15789
16724
7122
3707
16552
5802
2300
19941
18515
7822
14459
5491
554
18505
2331
17757
16207
16002
10090
15171
13220
3142
18811
12971
3533
10247
4600
15391
14893
16008
13150
7034
12731
271
10740
9282
2424
13039
5574
17290
17212
16385
2781
17765
14889
1463
11873
11095
17464
18314
2617
7035
17808
1427
6
1340
8026
957
13082
19270
16964
6231
6303
9694
2853
17042
15328
5276
6433
901
18918
19996
17285
18050
17761
8525
19512
5985
19619
13328
651
2235
16714
18458
14
13071
16149
8039
14028
9231
7308
10991
15461
9963
17037
14666
7004
12364
19941
9788
9616
15210
9784
6901
13259
3896
11777
9123
6232
11396
18802
6882
9982
15515
1691
6347
4938
17840
10737
18965
3422
14397
6307
15234
4359
3343
9899
7714
12058
6192
17502
1674
1401
7285
4926
11012
7532
16702
16486
13763
4449
15287
645
10783
7153
2335
17129
12090
16526
4218
7406
16299
18614
13713
11533
2972
13407
17783
10685
5465
3974
4538
3490
1727
8174
4767
9090
15705
17820
5575
5820
18621
17213
6464
9403
4365
5150
2883
12807
18028
7100
16564
14326
2065
10276
5858
5036
3683
19993
12073
5499
3966
12962
8988
2044
1136
10106
11133
13192
7925
13059
19011
6545
10271
1826
12299
10988
3328
11534
146
1355
14985
16709
15680
17050
3337
17890
18437
7019
17882
10509
8869
18199
3471
14208
16595
958
4313
4079
14149
8589
17138
9512
15134
3760
11337
3784
14747
14664
11669
11244
16018
6654
7953
8050
3703
11289
2291
18491
14659
16524
9000
3527
11074
8822
17734
7668
6131
18398
11747
279
6986
5236
9790
18471
8995
17479
2255
94
12142
13923
11337
4512
16928
15641
8913
630
3281
11203
19121
14291
7726
4472
14169
18799
9645
8254
2819
15775
6651
10917
12405
13637
16152
18547
12107
1498
12377
10713
1591
870
988
9280
5381
17915
1272
10645
14897
4553
1847
10369
15195
5924
14840
9364
1075
836
17617
3893
12962
4268
14809
1718
14256
7312
16616
6362
5161
8992
17075
6752
9862
18062
12383
11594
12328
10006
18591
7224
10910
16789
17592
6105
2713
8783
15468
139
9618
13084
383
18931
13703
11543
649
7958
18854
13616
10672
4014
2608
4098
7117
8821
18511
15851
16766
10838
5857
15356
18062
16766
12145
15653
2870
11209
4436
14689
11347
10405
4125
11729
9336
17827
3271
6336
2137
18476
19951
12808
18841
18910
13257
5958
4082
11767
18160
17200
2604
4016
8907
665
782
17403
12670
3
8611
17105
14692
16309
7509
15168
4389
16844
9346
4011
19531
11482
18838
19482
641
17679
14743
13897
19988
15177
2015
18147
12376
4619
2163
1282
1635
19296
18685
14304
15650
3647
7760
6693
16308
15269
1860
17048
8464
7558
1059
4347
19039
19896
3828
16032
13926
14922
6280
13913
10098
8295
12060
2473
9265
10574
107
7251
6221
15143
17907
18222
15141
5666
4915
11448
17286
3126
8496
2102
10683
9554
6448
6074
5801
6627
18457
19727
17900
4736
13639
7998
9382
2050
6822
14998
8975
3280
18601
15195
18422
16507
13417
13563
18524
14683
5010
12162
14160
9857
14263
1195
15762
17062
7268
1563
3688
2076
17641
1587
6811
7631
5936
12545
6033
9110
3894
15007
12389
2494
6554
10811
19000
16322
725
13876
11004
2086
6037
1515
11943
16651
2709
7704
13712
6328
5618
13751
8403
19610
11689
11566
7241
17625
462
13273
6734
4355
4631
19122
6849
11184
6284
2200
7505
7008
12427
18508
9094
18463
16375
17388
15113
19083
1443
5176
5411
3413
18926
10165
3022
10615
1730
6614
8239
2191
16238
11324
2898
869
6797
9746
12052
13081
8297
19557
16440
724
14416
1885
15538
10790
19272
10651
6225
17067
15826
7987
479
11104
18151
19852
1718
16233
6466
6308
18423
19055
17631
1320
19923
4427
7417
8327
13859
12066
7883
10299
12789
18650
8535
4678
5792
7807
15328
12016
1225
7506
2
18055
18609
14504
17906
16678
10736
723
2985
9159
19778
16967
6830
19700
1393
10599
8026
15252
2664
12260
1902
11804
7262
10436
12833
13053
14594
8161
5068
15818
12018
1421
10224
6978
15924
8130
3655
6660
8852
2991
12170
4981
19957
15351
1033
17701
2301
5410
9304
1316
17670
11205
9471
4931
17993
2304
14335
12586
6816
15754
4756
18833
17174
14979
2162
9449
19460
2168
12460
4664
5158
981
9644
1466
12684
10676
19166
14984
16086
8470
16300
10107
19674
5770
11389
14018
4425
5723
2956
11240
1476
7711
6424
15001
19041
8585
4449
14853
10752
13261
19516
12261
14241
5511
13726
6924
12539
12892
18260
4976
1361
14559
15082
17386
16680
2822
11404
1105
4896
14359
8696
6371
18421
15120
17723
13813
3704
2171
8665
10808
11783
4532
3068
6024
6395
16794
9299
18933
6037
7558
3908
7397
18468
15341
1134
15148
14514
12537
12604
19409
3247
17651
2131
1667
12770
19853
15480
16474
18375
496
3633
10158
1380
6700
16181
7774
19845
1831
3058
2233
9389
6965
9629
7856
18657
7115
19355
13170
19651
8310
8930
19250
5961
11060
916
18730
7264
12747
11555
5638
9595
15187
15795
10974
18239
8327
15099
14435
10158
18156
16668
15898
1472
2648
3753
128
9762
19460
9649
5765
7769
14930
5014
10081
5989
5929
5163
13252
15028
16717
15241
4622
8256
7388
11947
2846
15714
7045
17280
2223
5200
13947
14472
3023
16595
14577
19502
2708
14036
5502
8472
18156
431
13485
8237
2771
15766
13399
12374
7145
6467
7614
8118
14722
15001
64
13919
7067
3460
11199
5641
5011
1497
113
8033
14443
11041
7534
17151
5076
13035
5622
3231
13465
15459
7819
12587
11224
1217
4960
18368
4036
12573
2837
15109
3926
2900
9028
7344
2711
16578
9336
7721
18074
5800
15753
12517
16840
19638
9667
1915
12672
11640
1498
2488
7098
9316
11426
14673
6885
16385
9392
7272
5309
12228
2380
5586
11479
11407
12929
14189
7984
2265
1909
2410
4416
14013
14926
1256
10002
944
3170
2673
8935
1019
1512
12385
10335
12937
7057
13571
5673
12801
842
10982
1380
3221
12919
12859
10980
2200
3399
15315
4464
1660
14076
5231
12024
9001
6486
2026
6296
6008
1050
15231
7026
18914
7615
13712
8202
11023
7282
13875
175
4475
1208
1555
4048
14126
10765
11379
16325
10515
6693
17140
12174
769
2371
4198
6121
5208
6223
8769
11215
3624
351
18241
2537
4317
8304
10739
15339
15586
4613
11866
16412
2172
13420
459
16297
536
11837
8974
11050
14882
2465
19576
12002
4835
3773
14474
6395
6347
3242
17609
9970
3592
12201
12507
7908
505
19597
19599
16090
4209
11464
12501
6380
1235
9312
19028
1770
1148
4353
9171
16029
6818
8746
4382
8004
8870
18856
14398
11568
2097
12007
17890
2041
4207
6748
6300
4711
6344
5898
17152
6904
13713
6005
13283
14947
15316
8662
13068
12815
13015
18591
5196
16184
3688
9577
4187
12558
8432
18585
477
6881
6943
18366
8921
11149
5113
11572
12212
11456
17470
5715
18359
7534
8071
7993
18833
3386
13007
8252
12553
2373
6842
14100
18556
10530
3676
2742
19439
8460
17678
19915
15340
4620
14633
612
12121
19745
12183
684
7553
6004
6398
2263
13538
14469
10256
12370
14206
19614
621
3110
1986
3815
17209
541
10696
885
3282
10134
5696
17312
6400
1035
1931
1032
1646
10403
777
10180
11086
4681
16184
13836
6943
9721
4656
17198
18442
15213
16811
15414
18323
15148
19228
15531
15688
9923
12767
15322
16408
18462
12633
2808
15848
10915
3839
13845
17670
967
4025
5107
5647
208
15294
12590
6280
19949
6139
4721
15162
19302
16486
9836
14449
15714
1718
6489
1988
14485
1810
18396
9298
10794
1203
5146
18060
1393
15342
15729
18712
19366
17188
4358
15925
12481
13299
2204
12430
15790
3276
3943
11443
16114
13778
2243
11827
15495
8731
13814
6331
6892
8561
15629
14037
6115
17126
12097
7508
12467
4177
6219
11833
1364
6928
4109
13845
16579
2665
2626
8720
2292
6568
162
18405
16697
18756
10231
12191
7487
397
14874
10730
8957
10502
4767
11424
3979
13215
18931
16445
17391
1501
4629
15107
4780
8738
8951
17710
7754
7928
6429
10045
14495
2942
8450
7543
1698
18680
16085
5536
15428
10958
12617
737
1459
13735
12160
5437
6949
7442
18234
692
5294
19214
15798
10073
4303
1100
7783
12056
9027
10563
2101
19873
9857
10550
7415
7906
5581
3499
13441
1009
14457
2409
18097
12267
16144
6608
14056
3092
14049
8641
3783
19342
7854
15932
5766
12157
17031
9900
4212
6057
463
2664
2281
6671
13213
9695
14576
15146
9546
4368
16154
354
6776
10602
12620
2919
17209
3027
2363
11257
11667
2497
6950
15873
18429
12715
8029
15459
2615
8592
17868
19429
11256
148
6099
820
6195
17026
15965
12092
1393
8470
12445
4520
15423
1416
3791
12631
795
6153
239
12461
5001
7188
8333
3429
16255
12713
15240
15221
17657
9459
11001
5264
5958
13451
6083
8504
10476
18400
595
8220
3221
9391
12739
18644
7159
16529
11274
7953
19033
7865
16765
4034
11404
1450
3814
7658
10514
15405
19230
8170
4863
10230
9785
10821
3680
15868
15676
10507
10619
16271
18726
13839
2013
11465
12482
9171
4345
108
13475
3378
7972
6592
3763
19375
4393
3928
3385
11258
19333
2614
19428
547
9196
5564
7719
12875
1431
3395
3382
8401
16017
18459
2240
18029
9923
11073
3552
10620
11180
13378
13997
15503
19969
14111
11230
713
18038
14614
11971
13722
13579
7750
14269
2774
13313
1987
12001
11096
1733
11734
19496
17749
10192
18087
15778
16467
5512
19329
7086
13043
12706
17434
8546
9027
11544
19775
9739
5933
10740
18061
19655
670
5810
13923
3444
15475
12261
11796
6570
13994
3529
2417
8094
10072
16856
3871
6538
2367
19551
9975
15409
8609
7408
306
17635
18951
80
3725
1236
7171
18138
890
7841
3947
11164
7636
15773
3424
19431
2342
13769
2959
1111
1863
13030
17966
2085
15920
332
1636
5894
15740
6596
13302
16046
4230
8604
12477
4306
9839
16000
2443
7080
3840
2742
18243
7827
18514
18019
7257
17208
8139
6567
18318
6353
15948
16283
8438
11867
16614
6425
14113
8705
13020
7414
1102
13601
12369
13579
14258
18560
9578
13053
5639
9769
15794
234
17595
10659
14604
1203
4218
2742
7769
2535
5447
3716
15169
10236
11935
8134
16660
6047
16839
6031
9812
14292
15983
2180
7870
10240
17091
13799
19644
19082
19919
11789
15667
17513
2448
10270
18715
3017
9363
2835
5552
14809
6551
17072
1396
14837
5206
14407
883
18396
437
10694
12687
12771
9225
16909
3011
2668
10707
2654
1749
6978
14443
17415
842
13242
4036
19557
16258
9750
18743
18161
4559
5293
15233
5954
16481
16790
361
17363
15185
17149
4408
4223
9920
9985
1131
9282
12652
8190
8287
10752
15167
19081
4518
16008
8674
8553
11916
1284
18302
10659
19444
19212
12303
11028
1518
8784
4169
18230
2498
19353
11730
6906
19928
1649
16890
1058
7282
5893
5599
11921
16644
765
11001
1161
13125
19675
6065
5040
958
718
12050
16753
19930
4353
4133
17799
9488
8301
16028
11985
4006
7757
15242
3933
5758
8483
4990
13039
14375
10589
4959
11018
7705
12312
8530
829
8338
14594
2221
9295
11664
14270
2399
11593
14974
6531
9391
4461
14832
1770
12798
18837
9526
4391
19121
11635
12874
462
4674
7248
7402
5984
14618
15107
14647
19499
12287
2984
10445
14507
8630
2108
5129
11029
13700
102
17559
19442
915
8742
1211
10064
3930
7088
14454
3050
18723
7327
3512
19748
10927
10913
2083
5544
2371
16730
5042
14658
19713
11838
5516
8343
13945
10644
19371
3996
10746
13281
19789
8012
18375
999
18075
2304
4439
12528
1706
3161
19855
5217
19260
10781
12481
1342
12676
14852
18071
14069
9509
17784
5907
11376
2478
16203
2020
1848
199
9117
11480
19987
17128
9854
17338
15202
8510
1776
4081
10215
1288
287
11783
16899
11067
4263
18240
94
15466
12663
14163
1326
6798
16421
12702
9275
12623
14721
7474
9173
3837
15305
9160
17316
1511
2849
8869
6372
976
12949
16586
18615
13236
4720
15513
654
5334
10104
17100
800
19118
7614
2125
5915
4034
14826
11541
13008
5898
15366
2181
9734
10671
7692
3401
8533
10540
12269
14904
7867
5218
7841
6481
14805
12560
1993
11810
17893
8448
8909
18692
7566
16522
17169
13480
16907
11994
1373
9915
17892
16738
8447
3977
3760
16138
3730
12292
3029
15998
7195
10895
17567
15035
17375
8723
3946
15719
533
1839
4166
5793
16882
11731
2315
14050
1563
19221
2396
2935
5487
16639
19672
13933
16967
19784
6422
696
12075
9450
16694
15622
344
10612
7008
14070
19335
10954
6140
16219
9144
10306
2011
6025
18388
4325
16427
19950
19898
18822
19236
1736
15460
15260
15669
8778
15043
18442
9474
3469
7892
2519
19090
4587
13130
6098
15009
8816
13403
1148
5034
2546
11453
7045
8570
6193
7721
1348
6142
3970
169
5378
5706
11980
637
17726
758
12031
16167
6583
15499
410
5453
14589
1349
14934
17038
16357
3750
10440
17504
5135
12985
5309
12179
17906
7853
16252
15606
13994
221
15774
15723
5926
4106
