2000
92
69
80
50
67
76
55
48
47
75
9
34
85
78
64
98
93
22
73
3
43
89
65
86
54
2
74
65
79
89
16
22
58
95
23
76
22
29
23
69
55
84
54
40
61
69
89
5
42
62
59
84
50
23
69
3
76
94
19
55
83
34
28
92
28
3
19
50
31
93
70
86
76
75
25
88
43
65
93
84
26
3
67
27
26
88
82
1
81
100
7
15
34
87
58
61
89
76
62
19
69
31
4
96
5
80
84
99
45
28
34
22
30
53
49
55
40
30
8
72
29
66
39
62
52
96
75
40
24
36
11
92
67
66
39
23
46
22
74
42
49
7
63
79
11
63
85
2
92
92
74
73
10
12
34
61
59
60
53
82
96
15
25
14
80
64
36
77
85
61
70
86
68
85
16
30
47
100
32
91
44
5
63
53
68
48
65
78
8
69
60
3
83
36
68
15
99
3
91
36
16
13
21
35
97
88
64
43
87
95
33
82
51
47
34
18
95
51
48
54
19
7
8
54
94
75
20
93
29
62
80
44
74
52
78
70
39
42
13
25
88
97
7
39
96
92
8
42
94
55
95
65
13
54
18
7
28
37
51
56
50
30
52
24
81
81
93
19
22
57
95
62
6
53
100
1
97
7
42
90
14
88
6
26
41
23
84
68
11
34
75
61
15
78
36
47
59
28
17
32
85
64
93
42
16
92
42
64
51
35
6
16
74
11
93
14
86
77
33
48
62
59
8
29
37
43
75
95
23
92
78
59
55
71
100
22
14
93
38
64
79
43
31
52
53
24
17
38
52
49
38
13
7
45
41
95
40
68
41
14
11
19
72
17
89
23
38
2
67
75
18
45
69
48
48
22
23
64
11
74
64
48
39
22
45
79
17
36
98
57
1
8
27
24
24
15
98
14
69
64
40
38
60
9
37
7
82
60
22
44
85
85
44
23
6
40
54
74
75
51
83
27
11
9
50
34
76
47
99
96
62
39
33
21
99
21
79
80
32
100
23
17
36
18
39
93
57
92
67
83
95
1
9
5
61
10
90
88
56
89
83
17
79
67
89
77
40
67
8
71
18
82
87
53
100
26
46
56
69
64
91
63
16
51
67
76
61
57
16
16
97
98
85
27
17
25
3
56
92
62
26
9
43
65
62
94
42
59
2
10
74
92
73
89
42
91
16
2
99
31
70
95
29
6
21
97
30
75
52
73
36
29
82
31
93
95
24
34
5
25
96
78
68
20
66
10
10
33
63
9
64
84
55
44
89
28
40
71
54
43
43
42
23
76
72
68
70
47
53
74
24
48
3
91
67
20
52
29
53
15
89
16
50
43
11
39
22
2
61
28
44
3
69
18
79
92
85
100
90
38
26
13
85
28
56
4
100
7
32
52
73
20
19
23
14
81
13
88
82
25
15
77
27
35
94
57
26
79
57
67
68
82
80
4
61
35
7
60
93
90
63
18
61
81
40
75
13
4
14
94
28
28
70
6
62
64
63
39
94
71
5
61
4
36
64
64
22
23
76
67
12
38
84
25
71
75
99
83
78
12
29
57
91
98
62
4
13
76
42
6
46
98
18
1
86
82
17
7
56
92
73
19
81
8
43
3
82
93
38
11
56
66
67
46
63
81
1
76
56
94
33
54
92
51
6
29
84
22
35
39
13
60
9
46
67
52
48
1
96
85
11
52
50
78
49
65
10
50
92
17
95
24
22
86
74
28
14
9
49
1
47
62
12
8
7
30
59
6
30
6
91
41
9
92
70
58
56
79
59
99
95
53
23
17
91
48
44
56
57
92
8
55
5
19
62
63
49
72
69
78
78
11
70
86
2
39
95
10
17
5
8
64
10
30
32
100
78
75
7
86
18
15
40
75
85
2
37
33
73
57
63
50
67
84
88
69
23
82
30
91
39
37
54
48
19
85
47
48
11
5
33
81
71
72
7
56
73
43
40
98
52
54
99
18
38
86
38
60
20
67
50
58
56
56
5
74
92
3
21
3
7
53
35
78
76
41
85
1
35
24
98
86
78
96
56
15
34
45
26
53
64
27
62
19
82
66
44
74
68
64
28
26
68
62
55
43
2
39
43
36
63
92
74
92
40
29
58
73
25
83
77
88
9
38
58
43
3
1
16
22
64
95
99
31
56
54
26
57
44
20
44
58
12
17
49
51
97
6
75
22
40
51
61
49
88
19
43
42
19
10
15
35
4
13
17
59
18
42
67
62
62
62
19
73
31
20
75
27
77
49
100
17
99
13
17
38
31
59
31
1
68
45
35
23
9
52
81
27
45
99
40
6
60
10
30
42
81
4
21
58
4
72
74
2
84
90
91
66
100
21
67
67
65
53
89
26
56
21
4
1
71
43
58
82
4
88
24
85
43
44
42
47
15
15
100
99
56
43
16
55
63
34
73
80
87
13
5
94
33
8
94
55
2
4
36
5
91
59
41
85
2
82
83
69
48
83
19
55
77
34
9
39
68
81
70
54
45
74
99
77
33
93
83
34
96
19
91
38
77
31
74
31
65
57
51
64
91
69
19
67
2
27
57
21
60
27
26
4
52
25
33
85
69
15
70
64
85
60
53
14
43
78
44
7
34
46
22
76
14
40
42
67
19
51
88
78
77
13
33
28
37
17
64
5
84
34
20
68
45
24
81
87
2
76
45
87
21
67
63
34
58
56
53
76
6
40
5
82
52
90
62
41
6
77
45
89
10
17
9
7
40
89
93
41
17
90
80
37
8
42
23
65
97
75
41
3
66
97
36
17
86
97
57
92
26
54
32
35
70
92
41
61
81
86
2
49
27
33
85
34
74
59
98
70
85
90
24
50
87
60
67
24
8
75
67
33
80
99
20
49
90
12
10
22
97
63
70
75
95
7
8
20
17
58
89
2
99
65
3
85
24
21
61
83
96
27
68
27
25
87
76
67
50
37
40
99
51
62
73
97
20
81
16
88
90
56
89
88
20
92
25
95
64
85
30
11
11
97
38
88
35
13
6
84
1
45
82
3
58
55
99
77
87
14
65
76
21
5
63
41
48
87
87
12
71
16
22
34
12
59
21
98
23
26
82
75
22
15
77
80
69
75
56
55
40
72
82
61
29
45
53
76
31
39
39
54
55
61
87
18
71
59
16
46
84
49
20
5
63
49
84
84
75
92
90
15
15
72
27
43
16
79
19
98
69
9
3
23
69
41
93
92
99
60
37
82
8
8
39
22
56
74
5
31
65
95
97
32
66
23
74
33
53
44
82
21
53
85
44
73
25
88
64
24
47
52
57
6
12
95
27
67
69
32
49
85
78
97
16
43
19
42
27
71
85
8
44
89
92
39
62
69
26
77
92
72
81
48
77
92
43
55
10
63
86
11
47
15
7
15
9
26
56
35
48
40
43
91
29
86
29
42
54
6
18
97
77
98
45
5
41
39
12
51
1
49
61
99
64
67
13
72
44
20
7
44
60
1
86
40
86
15
33
92
72
2
88
1
100
84
57
92
22
68
42
74
17
54
25
80
73
89
51
16
9
9
11
20
9
97
59
47
63
43
38
34
44
77
34
95
61
91
87
34
58
28
8
74
34
84
5
6
72
8
73
80
16
84
99
77
80
9
23
94
51
12
27
95
88
13
89
100
3
75
34
12
55
93
38
88
76
42
45
47
49
17
79
17
100
77
93
31
86
67
76
88
78
3
82
17
15
23
69
69
97
2
80
3
46
17
90
21
11
86
19
11
3
49
27
54
26
71
37
63
37
12
50
66
14
84
35
80
6
3
48
54
56
80
57
1
48
98
73
58
84
43
69
86
92
47
91
69
70
27
31
6
39
32
24
4
67
58
84
24
60
83
78
67
14
86
67
62
35
39
71
18
33
91
55
24
38
46
92
7
24
74
64
62
58
39
66
76
96
1
100
7
35
29
73
1
14
91
62
48
29
32
18
62
23
72
37
12
69
29
70
93
54
85
6
63
24
23
39
19
75
38
78
10
66
50
62
31
41
23
30
21
6
47
34
80
71
71
91
91
51
12
35
56
97
41
19
20
15
57
90
90
46
67
51
63
69
12
93
61
86
22
33
91
21
67
23
43
89
65
33
39
77
68
46
25
60
64
44
26
72
85
15
17
4
17
79
72
28
23
32
13
97
64
56
17
82
30
59
70
94
43
60
70
62
6
46
73
21
41
99
93
26
13
9
29
30
40
100
9
62
83
74
58
98
81
74
32
10
84
1
3
79
13
25
40
70
70
65
90
11
63
82
36
27
43
16
8
82
67
17
95
1
90
53
98
22
78
81
31
14
82
33
92
46
57
83
15
79
47
4
89
9
38
76
88
32
91
95
65
57
11
59
57
52
63
6
73
41
87
3
54
20
88
97
65
96
79
31
74
78
86
14
38
75
89
25
6
31
20
22
87
82
81
95
34
95
53
58
35
39
13
40
10
52
88
26
47
67
56
21
96
41
86
33
16
75
10
73
5
29
95
44
62
27
90
47
21
42
5
8
32
69
47
41
20
35
66
66
53
21
38
100
14
24
84
