16000
8887
4975
2558
14186
9744
7470
677
15883
7703
4894
19417
12779
17608
15095
17613
9814
16345
1280
380
18710
11194
1655
5880
5612
4205
3849
10874
5046
17519
11950
14005
2758
16925
16562
16943
3020
383
13972
18902
4437
15217
14670
17216
9177
6116
14828
18990
2460
12459
19369
17521
4
17375
3400
1967
1579
7249
12841
2977
1119
1142
13333
3876
18066
6247
17171
17438
6629
11142
16339
11066
6358
7361
4633
15534
13476
15812
10875
12288
4622
10244
9808
4625
3970
13208
6592
1901
16808
15784
4877
14278
16925
14561
14506
11343
807
11676
8780
3788
19169
1470
14853
1878
8830
15837
13764
18658
8000
4638
10945
12621
14881
17104
13597
15203
6663
188
17103
3470
12323
18331
14100
5600
12891
4957
16942
10050
12984
2073
13837
12152
3542
5041
10381
8724
877
4144
7381
5228
8782
14677
17848
14
11780
11444
15216
18443
7984
8670
18264
306
7000
8715
5905
16243
13671
19198
6292
6654
1270
128
15157
1164
5168
5538
9887
6044
9681
13619
11271
14814
8295
5470
14828
16426
13265
6395
14868
1248
15065
9484
17906
2064
14550
162
18306
8221
19360
4597
11226
629
4724
6383
18144
6243
8272
8030
12286
17952
1648
19908
12766
6294
1729
3945
2720
14994
10339
13939
12593
5403
19774
10498
3819
14324
10660
18476
2544
6371
19425
10121
3351
500
16503
1495
6743
4774
5876
15380
19078
7524
11640
8195
10169
13368
8491
9240
4713
18829
3179
17306
584
19304
4155
754
13627
11166
19229
12522
17536
15005
2643
887
15505
15497
18733
2247
16623
4608
17626
15700
8483
9265
246
18652
18985
8736
7891
3697
7564
7421
17354
4499
3077
1509
5252
16703
9026
833
9225
6562
15837
8219
3800
11341
3715
2532
9939
337
7139
7565
12388
15622
13181
12633
10625
8517
17720
14867
8566
1636
18640
5919
6134
1716
3779
7738
18418
12805
8570
3994
15718
758
8564
19517
12099
12279
18400
18389
8967
5538
2305
1355
17511
15486
10339
4487
354
8059
19354
8919
6046
14345
11190
12179
16060
14968
16268
10829
4124
4837
11175
19841
1947
19738
15709
14045
12016
14108
8785
17335
15998
11090
15041
9860
6575
5379
14347
3280
9789
10052
12199
15834
4396
19740
4365
455
11059
632
11283
15183
1821
2457
11375
3767
18547
3436
14163
6914
17543
2947
4248
9892
14036
19288
19752
16962
1019
10450
16594
7159
501
8792
19345
4896
4883
61
1702
15941
692
9336
7475
18864
8145
18850
18982
6691
2285
13144
13604
16179
12443
14204
6071
2830
13491
2174
19792
10861
12623
16385
14372
13123
1528
13716
14370
2762
10128
16071
18702
10819
1758
6177
6035
9902
1378
5016
16592
14
14512
6548
16192
6954
751
18614
6135
10593
17139
2278
1454
9761
15014
12177
19235
16541
2244
9956
15654
12371
2378
14356
3189
4136
16884
5575
14037
18261
6943
6981
14626
1454
9880
10817
4759
10630
5783
10893
17574
2921
13171
15379
12682
4536
7555
8268
1077
9798
18224
13082
2168
601
7437
1709
4736
672
7283
15125
18932
10577
18457
13557
12030
4688
726
13140
11669
2860
4033
9242
5780
13555
4621
14813
18090
8527
19433
15518
18325
17656
8600
16844
14608
12388
14904
15696
13060
18539
7172
8343
9115
5628
18252
1145
10315
15329
14284
1983
18188
14668
7576
3967
4574
8548
15132
19016
17075
14564
10885
11751
12219
15836
8594
3178
4576
19850
18873
17635
18388
6044
2329
7502
8023
580
4998
14689
12260
19282
13023
10447
10301
599
10766
11227
9146
5897
6594
6220
460
17478
14322
9030
9666
19268
8559
14241
19117
7432
8227
17504
9827
10555
5005
17850
7487
10003
8890
19746
5636
1913
6545
12288
2511
17310
19866
11656
3206
6459
14228
17
289
8549
5398
9954
7816
10308
546
3284
17739
8772
787
3918
15678
2144
18119
19516
12146
7008
15614
14133
8920
2158
2772
7782
19467
2638
15790
19024
9096
10017
15392
9384
14917
17141
15689
19085
7448
16234
2368
1539
1357
3155
5456
13387
1650
19926
12902
10147
6933
8515
4279
12205
7024
7050
19986
6490
6039
15775
1865
15135
2143
17256
870
17060
14396
12911
16144
18196
5496
14863
19734
6853
14369
1541
16591
16018
1466
9492
6164
4750
14359
10442
16954
1382
13844
13292
4224
19882
9066
6088
11368
7561
3344
8590
4620
14091
1500
17115
8638
6995
11977
4723
10199
6346
2615
6789
2363
432
16281
4879
5182
6991
11672
18487
8372
5515
8130
12595
1749
17196
15035
9468
4756
14730
18057
5727
5172
19556
2841
13810
2903
11169
18532
13101
17514
1147
19890
16229
1578
12522
1107
3111
19512
12778
17950
4235
14645
6079
13182
12745
19626
8216
2212
733
2945
16621
6459
8116
12528
5651
18277
15430
16820
13161
8531
10685
14307
4772
3265
12236
17293
723
11699
13156
9853
9648
17390
4497
12078
10571
13593
11704
15138
12156
8788
18082
8776
15247
2550
1304
17249
826
13085
10420
13986
17967
17457
4644
2738
721
13232
16382
17796
1282
9537
7648
7281
6927
8496
19358
13849
2088
7413
8987
14243
16201
3420
3019
7799
5969
674
5047
3147
13758
11819
13484
8077
9275
14480
10814
6347
4063
3548
4142
1696
13084
8141
8976
16362
16636
4685
6563
18723
8450
15549
12966
1002
15320
12336
8800
17641
9361
10198
787
3118
2016
10622
7546
7642
1453
18360
10341
5515
1907
14482
7210
11342
2623
12537
4056
15610
17222
10618
14333
2023
2518
3650
3024
17837
12337
11823
15477
1697
18372
12615
1166
16740
3237
8712
4381
4689
3423
14721
6556
1681
5555
13765
9374
4529
2654
13429
138
16227
4046
10822
18249
2915
10823
1272
752
19511
9446
12580
1207
7817
5195
18725
908
4783
3788
5289
9471
3562
16361
12378
5242
18267
2495
14615
19147
5148
4396
15637
1374
4793
6458
19622
7708
13633
17245
4811
13143
6690
17390
10702
10858
18936
9426
11766
3718
9565
13406
9541
13126
6118
1918
18367
737
4412
9333
19883
9559
13728
15519
10932
14873
18329
6905
2580
11961
4149
7390
1455
7190
1131
12156
14400
67
17933
6165
3784
7497
15922
9676
16974
2039
11594
11692
2775
16005
1025
19010
1916
11104
14528
9199
5976
12856
12456
4907
1168
16604
12296
2623
146
9779
11130
14545
9845
9063
17061
9980
12911
12982
19656
9885
11372
7601
1576
10499
19957
18952
5860
1872
6408
387
7423
12383
9595
19878
17290
7114
12833
5937
6088
12978
12067
17218
3874
18263
2632
934
8243
15542
10267
4250
1778
17991
8202
19706
4841
8158
18657
10700
6382
1416
7438
13804
13799
13384
10033
7440
498
2865
9728
6585
12195
18147
154
16068
16409
2785
13354
1003
14679
19972
5252
16456
14314
9805
16161
19154
17963
11170
6205
4344
12585
13643
14499
2735
7026
4531
6526
3875
7395
12606
6812
15941
10752
6965
12009
7160
6102
1714
8163
780
18037
9766
17235
12351
19571
9748
7856
17533
17269
14061
18228
6205
4055
9078
8940
7432
9960
11817
7659
13706
4422
14470
9647
11525
17786
18007
18685
3887
19720
3199
4666
14108
12964
18253
6458
12534
8000
10666
6418
1620
4726
997
7824
5132
6426
13115
8915
16385
4932
16573
10091
5705
7394
19737
17230
5180
17743
12266
9066
13814
15464
13732
7921
8427
11984
10731
17313
16335
1396
82
17954
2473
17431
5777
3956
3856
18892
12870
241
175
9443
10331
5879
16836
6419
3108
18367
513
15373
7433
14326
7188
17516
18598
15615
9499
9328
9279
2185
7075
5712
138
5899
3142
2266
9854
6998
1157
2724
7238
1331
8518
13920
7210
1705
338
6669
72
850
18394
3856
11527
5581
1371
10124
17547
7221
15804
6825
9405
19230
8889
9542
5129
12030
11807
11334
19027
9316
10409
2616
6998
18926
12887
10559
16983
13224
13580
13406
10425
11973
17261
1951
17553
14983
8427
11452
2203
582
18276
11607
19811
3516
17500
1291
15546
5658
12625
10924
11325
3033
13540
18323
18311
6426
5233
11645
16002
18812
5050
2778
10784
18662
4729
4689
13644
9507
16140
12198
10088
10767
3804
6250
14283
17655
3893
9828
3312
16517
751
10989
19549
10642
9311
14211
13420
14543
5855
5773
13355
7256
8550
490
5917
9630
5178
15912
19136
1317
8109
5575
12084
8264
8177
2718
2270
12069
12545
5582
8585
9647
12922
4485
16641
2232
15048
10060
13126
902
15832
2832
8158
733
3322
10426
10363
4851
6338
5850
2520
10798
7777
10955
15414
15953
13672
17683
4373
2568
19616
9309
12214
12537
10145
5206
14768
5192
15265
4246
6094
7448
7077
10603
4533
6750
1028
14895
7953
7365
17096
10472
14515
4872
1426
9928
17176
11449
7610
1548
14016
7226
10856
2581
19762
1001
7787
10882
6192
19403
15127
8637
3203
18555
19239
7735
1657
267
18981
9609
3983
16076
80
18497
948
17857
4776
18123
9305
12386
19671
3320
19611
6878
5900
15724
4230
10038
6605
10422
9441
18083
15410
8995
16638
14649
16729
18294
11267
15709
7902
11601
11784
4333
6450
9083
2189
11225
7206
11493
19962
3228
11164
15924
10105
13415
11648
14335
3453
18252
1108
9245
16335
16517
18239
9324
7517
14967
3969
15135
7027
11870
3088
15162
12554
5889
4245
11094
17113
11450
18938
13427
11029
10101
9350
1133
3515
997
11819
3319
15601
9278
12563
8287
5795
10801
17610
9663
2119
1578
1150
5497
9799
4237
659
18704
6477
4903
9797
3589
12704
8734
17015
3732
15186
2717
4864
18700
3713
13035
18371
15665
2312
10933
3951
4458
18086
17912
10473
16556
19489
11622
2053
5639
12210
2711
4342
18686
7613
10490
18626
316
19223
11993
4047
14408
14709
5262
9460
14773
18296
7830
10438
608
15114
10740
1417
13199
8652
11889
9755
4492
3510
11807
10131
12071
10869
10824
7108
14833
1314
5734
15148
16888
17726
15546
7648
8786
17159
13459
19910
15455
17640
10347
12414
12753
1087
13830
2304
6090
2071
12058
10581
5580
216
17063
14003
7436
4239
1110
2268
5552
6843
17415
18791
920
9312
6438
6057
6470
16248
5967
18276
13887
12665
7041
6640
10103
17223
8943
16192
19293
17352
3125
1224
13919
187
15226
1354
4425
12688
19973
6328
15882
13739
1471
13154
3050
7908
19210
5871
508
5176
4147
14394
14193
7539
17385
4295
4761
2679
487
405
30
3611
1629
10300
149
13206
8005
926
2245
7977
7253
18127
18067
8723
11280
1116
12983
6841
3339
13490
8369
3837
4235
2561
11375
1620
6855
12488
4298
3693
12892
680
7303
10872
7331
3804
430
15336
4729
2674
19664
8333
800
17731
13408
8431
15198
6390
15272
18536
16231
3640
18724
16817
2552
10099
18436
9406
18938
19086
13099
8181
19765
16753
19053
7095
556
19482
18782
1636
18507
14798
9969
15659
8880
3376
4089
4077
6117
15712
18965
18699
15703
14040
15515
18254
490
13951
4012
19427
9388
17110
7608
9152
10214
3012
12598
7122
18845
7732
8757
17351
2529
15077
9361
11408
14804
13450
11836
17272
5513
7152
15970
17568
1192
11485
15821
1681
1787
16184
1108
11174
9645
5067
16677
19859
8078
5626
6980
6922
13357
12088
624
12237
3517
9985
3644
18320
19786
11832
15592
1650
18983
7913
19217
174
19397
11390
18207
17535
7573
15666
8708
17218
732
1736
13428
5161
7362
407
8434
17070
8846
9057
9307
8714
15393
9302
7034
11530
1133
18977
13180
16468
6889
12396
12993
2638
137
11199
16524
7710
6864
5232
1279
3947
3319
14706
9107
7032
11464
17540
4102
309
2949
13408
9023
14693
2709
12408
6223
194
7736
15754
16661
10976
4501
9653
9965
4638
852
6489
12347
4067
8072
13625
8014
11390
4682
17120
18422
16145
11012
18875
16453
10312
12282
1827
5004
11342
10586
11226
11535
18321
6979
4547
5649
11480
14200
15613
12469
11403
2101
1167
15469
6524
11143
19834
17914
15824
16954
12687
11968
4317
11561
4772
14628
194
6599
19631
7887
13536
7209
15774
8209
10539
320
13857
18370
10871
5821
10838
2273
4274
12004
14094
10797
3146
13927
5062
18969
7232
14100
7288
11548
2012
12060
6175
18557
15010
2158
6444
8545
5718
2217
16753
16256
18888
6961
14626
9759
12782
1815
12031
13407
13819
6124
555
13316
16403
5617
8637
3634
19716
15924
11534
1728
4335
14060
284
19344
16217
3079
7889
1934
1647
993
14542
535
7954
9167
10293
17087
7333
18675
6845
17503
1151
7399
10819
17553
13015
15807
17538
9083
11730
9071
7162
16065
3131
3797
11760
19347
6876
19648
17633
8522
16993
12174
5408
1298
17692
15700
14736
5024
10727
1580
2527
11877
8978
9697
5781
18345
5503
3318
3779
13584
12389
10940
6000
15519
14736
17760
11217
17963
13759
5201
2837
10751
17374
8244
8400
11417
296
3135
12793
11022
4714
11671
2898
10044
17719
8678
4740
3221
8347
8518
13156
735
15809
15508
12605
6896
9619
174
4859
3377
5374
4047
10480
2748
12290
15231
10516
12585
18366
3308
19958
19431
11330
2855
9474
9048
7884
10565
8620
12583
19082
1776
13317
14890
13635
2274
1786
3253
2447
2996
2981
7820
7042
9812
6919
15683
5043
13787
4620
3408
13446
4577
2838
4776
3784
8664
13823
8019
19228
2443
601
14662
570
10270
9551
14204
12543
7688
17456
11341
7035
436
15512
10428
10248
18783
2463
11642
12569
7082
15049
6014
8010
14238
10789
11793
2901
4612
19812
18481
3406
412
13142
3975
7033
19044
18178
15927
3084
15633
7267
6470
12420
2779
16898
19019
1561
19360
10660
10481
2793
5708
16494
10802
16298
3635
18947
15550
8246
15110
14030
8003
11873
7171
11977
18906
2567
10154
14832
5650
2138
2099
12119
14557
1229
5368
13576
19141
1079
587
9621
223
2647
2466
11025
18944
6100
6323
14493
10697
1432
8523
18699
13304
12045
10675
12209
10963
828
7041
12964
19317
5491
5083
13874
3071
6802
3801
2211
7881
4387
11831
8103
7033
10648
15479
5976
16748
1801
16821
7444
19584
1695
6143
12888
13739
13169
1448
1054
10349
4840
14017
9665
6682
15451
19890
9752
2253
3690
11962
6485
4429
144
14587
7813
10792
6418
10141
3891
4570
6961
11334
4154
8655
13828
13393
18745
3349
14840
19798
13697
16032
10167
19713
2713
5617
19603
12465
7869
19644
778
14353
424
17274
5292
8237
8065
8061
18377
11955
12630
1689
19640
13135
10343
9820
6527
5439
13168
17719
1589
3216
10102
11755
2928
12814
17371
18882
1630
1592
18526
2408
12296
18949
19681
17587
7185
4097
5647
1913
12403
14629
3601
8394
7763
10295
18213
10642
12086
7732
8360
13674
10947
14813
5428
10227
7626
19150
9108
9256
741
3985
8015
9389
2934
4047
3327
6470
4495
5326
8383
16897
19954
8335
1642
4068
18630
16207
14709
10715
3938
19420
740
11237
14232
2519
17815
18210
1668
6922
3817
18761
10907
11831
8149
10192
12229
11475
16661
16723
16800
1395
9971
13105
6082
11612
17173
1063
7818
11881
8129
8108
7653
8868
15696
1884
11386
13510
93
9405
431
261
4517
7689
12091
9017
14232
671
492
7245
17393
13643
8639
3715
3100
11072
15327
272
12134
19496
8504
262
7603
16156
5481
3298
14392
13218
13159
10836
2623
9942
11097
7139
13982
19539
12508
8214
210
12999
15458
13954
2993
448
14021
6092
11520
9347
2715
5
5194
7571
267
9149
3726
2099
8798
14469
15317
1957
1657
14291
11898
12753
17781
5879
8643
10288
14092
5204
19638
5901
15510
18983
6349
9530
1426
14220
15228
4141
14224
421
11711
10842
9569
11788
12941
14719
2609
4609
16675
4265
18899
4924
13369
13031
10802
2011
3319
1246
3567
2956
7146
19076
1938
9846
8605
3364
4065
184
3856
14641
604
11918
5482
6525
57
14774
1243
2665
19382
17917
6929
14632
19192
297
7663
9993
18660
7333
7590
18578
10288
14736
17653
8578
933
2609
8293
4998
2792
8500
15990
19747
417
17823
6271
473
12597
3865
3138
8330
18133
6418
19314
17324
3067
3328
7317
18078
10660
14906
16655
947
5993
14307
5876
6926
13267
10520
8275
16058
19019
616
15804
19435
18438
18427
16260
11034
2291
15749
15716
424
2166
15029
17747
1584
18356
1415
19661
9015
12673
16315
6313
18665
10621
8541
1942
239
19060
6568
16296
18079
7183
8452
17513
5621
6878
10124
13006
5520
5872
8721
2295
8038
101
42
9621
18456
17808
5634
3822
10480
1948
6487
5497
8921
15027
3790
9159
14086
6710
1807
12164
13892
10258
6029
15864
13487
16152
5222
15358
2024
13942
17653
6413
14043
17694
12385
8850
11853
18018
9024
18685
16318
15510
4181
5238
10536
4322
10748
4621
11031
12554
16785
1275
2811
2813
13490
12649
15316
18711
8007
13691
12653
5659
103
3047
19704
8840
8248
11556
3209
17271
6592
19526
12780
10772
1115
3315
11446
11863
4288
2476
4416
17424
102
3579
236
13592
16227
11903
12302
585
5594
1306
2595
5696
4352
2298
10887
8952
10206
14096
6222
16797
9973
15354
3921
11088
15020
15366
2950
19307
14193
3717
16730
10647
7295
13317
4238
19874
5220
12891
16810
7165
14197
19405
12860
18548
18054
99
3851
8259
10546
10073
1408
518
5426
5328
7957
16797
17045
7258
16104
7589
10975
9185
14587
14621
18854
18824
14494
425
11715
7656
7589
2263
7060
16800
17162
5113
16898
1013
9724
3795
11085
11131
4313
12862
12810
8621
6010
6206
12231
2113
10146
3205
7650
4733
14177
6503
19908
5023
3279
11622
12678
10867
13884
19737
7666
11046
4849
4564
8410
10924
8358
19494
2054
9022
8707
14863
13995
14716
17420
6225
13181
7566
5781
17182
12298
19957
36
12205
4979
3314
179
17656
14180
10414
13744
1845
17811
14945
2760
6220
5868
7470
2065
7922
12843
7123
19136
6837
1839
16556
9413
11371
473
15193
8552
9122
15150
8587
1326
16480
8252
17856
14136
2431
8270
4231
627
2432
19175
3387
8652
1395
7208
7068
9316
50
14191
4803
3239
12381
17710
12651
3751
18182
7844
12302
7303
19345
17240
4981
15824
5491
19188
6311
4273
7457
10542
4899
6241
6068
4637
11244
7462
11844
18311
13129
11894
12501
14284
11484
4881
11993
4134
4983
6527
11977
13636
10181
11321
10875
11513
3497
12717
10701
9807
16989
14509
16700
18240
749
2768
2876
8344
6581
11072
6655
19710
19317
15507
10345
10800
16740
2337
14933
1722
5215
3262
11710
11748
10934
2584
3260
14430
11653
10312
589
8641
4821
17288
3232
1921
55
6108
10265
2988
17179
13271
2697
16495
5129
13041
7294
1868
11729
18578
19942
13296
1839
11651
5043
12773
10586
4654
3554
2238
11318
4142
7231
16138
1430
10462
14410
17836
12921
1026
823
6451
10648
19871
2945
15777
9263
6590
13996
17344
1520
13937
10639
3358
1939
12033
12482
12525
13038
16036
11114
4355
16529
14696
16844
14310
1510
11254
12146
14430
8631
9320
881
19279
9191
177
11407
14805
3119
5402
12148
4638
19339
19138
7995
17629
7522
16829
6505
560
9216
17619
4914
5744
8666
1758
54
10175
9363
8551
4605
14345
17870
1837
9975
3412
18365
1381
14569
1483
6783
6716
6120
2473
2206
10467
101
9727
3647
2958
6638
12862
16928
11552
14957
5593
9661
11362
15768
15375
19912
16724
9719
14134
18560
19694
13897
16924
1074
8465
14759
4208
11533
878
6680
13738
7696
3133
19816
11342
6090
6454
555
3017
14357
15512
8609
4017
3225
728
19391
3137
17451
5461
13622
12362
5154
7518
5638
2580
12335
396
6787
3867
17625
9819
13956
5321
12951
13771
13014
19040
16576
13569
18408
10932
5432
7016
14948
8656
7744
10690
8144
1546
16151
1765
13908
17656
5635
19545
235
17969
19940
3374
18187
13916
13192
12142
19236
2494
5912
12250
1533
2488
2170
19940
13419
7601
3307
4719
16256
7402
15408
4400
8948
11558
2516
19207
5566
8150
18751
5800
2470
15042
5525
656
8957
18716
12797
4545
17561
15061
13146
19093
13900
15315
15384
3670
2915
15043
8388
19170
2444
148
19921
7743
8057
2437
6949
13622
6938
2051
15774
5760
17092
1298
6415
2401
16366
15564
3297
13926
6976
16442
13019
875
11756
4754
896
14670
19796
5636
10191
18592
5783
10112
6334
13839
8900
13283
3813
12189
15333
19586
17948
8777
883
715
7529
17248
12630
10825
11174
19605
3618
544
16831
15373
1649
17726
6394
17797
19713
12936
16388
5495
19399
2721
15686
4650
12355
19498
16839
4040
15435
14786
9168
16317
11852
16696
9917
4481
3872
1090
437
3841
17985
17267
19213
19633
11345
1958
17429
11057
11245
13816
12904
10644
12889
8589
11645
1595
4438
8483
5634
19872
19621
11153
12540
11472
4200
2456
12305
8071
3545
12741
11911
1529
10008
7475
1162
17704
5784
14942
5112
13381
8758
18015
376
17998
2955
12020
19592
7392
503
1578
3615
16475
12730
16155
7946
16930
18610
250
1352
18507
12991
9615
35
19350
13441
17548
13405
19225
8842
18516
12605
17599
12883
12980
11948
15837
1351
11539
19581
1853
9468
19547
18327
2198
15701
2625
15479
10663
19226
16830
9169
8568
2796
5555
4269
16237
19455
17673
11813
8296
12541
769
2246
1775
10100
14193
13963
11450
5731
13543
9655
11551
9442
4333
13748
5142
6957
5578
15804
2535
18759
1324
11102
1555
6879
15371
17791
6333
9395
5955
14628
18287
6723
16873
61
16822
7417
14024
8271
13147
3918
17925
1049
13359
2258
14796
14853
5566
16725
7008
8100
15484
8332
19202
13390
15210
10924
7532
17894
318
13486
8873
18605
208
2097
15017
17029
9513
9040
5299
19011
12958
19576
60
2668
1833
11207
17520
7398
7932
4528
15498
19767
9211
11051
13156
772
18326
687
18665
18643
10524
7537
13599
10731
5985
8616
7759
15497
14007
9409
14507
3316
8984
14566
5984
7168
5773
19855
10918
10056
734
2767
9822
9944
10169
2977
10715
8494
15
5731
3488
10538
9619
17087
17620
15603
2054
1730
11099
12412
11138
5606
15728
16474
16523
1711
19993
18647
17917
10910
8702
18651
10028
18523
8594
196
17851
15661
8689
14217
1391
12177
1106
11010
5615
18725
6612
4020
454
14063
16431
7944
16020
12158
769
12542
10220
17113
11189
8137
8023
19890
3139
14402
14765
8084
14598
8967
3744
3286
3184
1487
11814
4289
8848
17428
19366
11811
1447
16171
5873
14230
4114
1892
2739
1234
10786
9311
18347
1974
17447
6369
18215
16937
770
9331
5020
11719
18298
8764
15005
17833
6602
3170
18473
11801
598
17838
3611
18396
14009
5836
8977
14474
4079
11716
15708
14864
1026
14054
13189
14824
16774
7756
11760
13895
17086
16779
5614
11735
1894
16970
9567
4847
139
4392
16647
17088
2229
258
11836
12589
2445
812
3415
6523
12527
19122
1387
9904
9527
10927
4727
2652
18682
12838
16546
12120
5969
18511
3854
7862
11832
9773
12709
8323
14164
5707
5410
12744
5964
17245
1685
4760
18057
5099
11283
6935
572
9021
16839
10098
19947
17917
12749
14981
10755
5646
7100
16723
509
7305
936
12340
17077
9996
662
7592
15703
2424
336
18018
19668
2020
2778
14076
3470
14060
17363
4041
19432
10553
10490
15730
8469
19590
10710
15575
5235
14161
8649
5743
1466
9585
14435
14894
15932
15096
2486
11634
13871
2821
6004
9891
1192
8781
3966
1013
19192
1328
5053
18623
11880
15542
14352
16701
15131
1414
8627
16717
15574
17276
18812
13391
3212
13246
8285
19143
4693
10770
7129
18564
9942
13132
8454
7485
18264
8771
8497
17455
6451
9901
12429
14682
1794
6780
11382
13276
4545
9
9992
119
13636
5155
9861
16847
18400
18145
12341
19445
5266
15821
18008
11559
8952
2813
15395
3567
11583
243
1021
14385
10143
9801
9067
8288
12933
16800
1563
17477
13160
7907
13947
3147
13061
3808
19993
7813
18304
8686
7257
3570
4506
1616
15128
9810
780
6875
13376
8714
7117
10749
3099
17260
549
8517
1899
13481
5316
3462
10958
14828
7720
1256
17974
17132
5063
14319
1296
3367
3004
8552
6936
3861
6519
18415
13670
7298
5289
3398
16012
8758
14146
15462
6017
14694
3978
7915
4527
5645
7728
11836
472
11799
13091
18446
8931
18154
9116
10226
1520
8471
15130
4807
12331
1648
19573
2353
5298
1214
5750
17661
9971
19895
13122
12339
10940
17099
16605
15466
2743
685
7301
19567
12483
16744
14364
17765
14897
3479
7991
12768
11949
19472
13926
631
1119
9850
2983
2768
7415
8732
428
13737
4978
13549
6075
15918
6999
19032
7735
9742
16068
11388
5660
8550
8131
23
2667
3027
19853
10657
12146
11801
10128
6071
8783
7598
15920
11766
6718
19687
497
7145
13423
5475
694
19498
17744
4044
14881
5478
10137
10948
16865
15796
15849
1347
15818
18515
4373
12022
5523
12870
174
12002
18940
8957
15952
11212
722
2669
10898
17570
6165
4320
3044
3210
169
17139
7254
11401
2617
17390
18700
15833
13186
10901
17180
5355
5767
17904
17377
7642
10774
17550
19643
6065
6506
11946
13628
3579
10966
877
1149
17131
1549
544
340
18069
17683
7593
9470
16651
4983
4521
12483
14520
15421
6014
19874
17540
270
13602
5181
11043
11152
1175
13459
14009
13121
7087
17588
4086
4315
15088
1216
5863
15631
17908
3932
13313
5500
9753
9963
6834
14273
18798
1353
6046
1163
17579
19937
1432
11180
5117
8826
18683
6291
2285
12692
15763
5723
6631
16201
10037
1718
13768
12252
13700
11675
16183
7013
17175
2287
13327
360
12911
8476
18065
15308
5991
15643
15244
7422
3174
16712
12600
1857
19355
11236
10900
15117
13310
13882
11317
3346
11951
1437
15597
5650
13111
8131
9014
6637
10417
2341
6997
3328
7168
5061
18635
13158
17055
10231
16932
228
6942
9531
18436
6296
17118
5687
1413
10427
19568
9081
10124
11518
10517
2073
13520
19980
10203
2533
6616
16972
4873
9964
299
8393
11376
15285
17902
8430
5515
14833
5010
12457
715
19797
18752
17832
5484
16516
4610
1403
1949
14734
9273
8817
16806
2792
8796
3360
5324
11764
331
6549
1727
16981
11293
13103
12266
9194
17884
14132
4027
19245
2940
1093
19042
1692
18925
877
14559
19886
2279
12859
14619
7903
18028
7776
10694
3175
7488
12370
14938
7818
15270
13017
1151
6562
2471
9768
15755
16706
3899
16133
15951
6839
17226
11344
4882
12502
12220
15792
12387
10850
5003
3358
15105
3030
7485
2150
6204
14972
14519
17494
19142
6140
6862
292
12701
9332
6411
4808
2389
10309
940
18339
13499
14517
6034
14732
7018
14605
6876
15757
1807
11878
15466
16911
14907
2950
19060
17462
14274
9931
11307
13415
16070
14520
10058
5123
3851
16468
6282
2592
3128
3573
17282
12979
18090
3316
7710
1459
17920
14585
13567
19726
2814
9032
12988
14072
8334
12048
7886
2607
1978
19192
12373
14399
13712
2430
15873
13914
15249
18506
16505
18376
2079
13787
11354
16520
13454
19064
14330
11373
10000
4249
7451
12814
9632
438
6885
17965
8837
14770
16923
7166
10314
9295
17917
377
8076
13789
10642
3324
8647
7147
1700
10725
17285
9405
3596
10738
4820
14277
18462
14820
18525
2264
3985
8157
19054
7221
2473
7890
18343
15748
15056
5008
1394
12972
5384
9470
3112
16025
9145
11758
19523
7196
18834
16807
16601
2429
3896
1420
13058
18710
12591
11582
17325
12927
16090
16378
16500
18563
4268
14842
14310
15675
19849
15703
4998
1584
1524
8109
17608
10669
19867
17131
17864
15052
10289
10816
13833
10537
8588
6890
5598
17530
18471
2922
6809
14561
19300
3308
9475
19919
14501
136
15593
10701
15838
590
12284
13714
5050
9891
4382
1268
3373
18597
16320
10014
5765
10152
550
14352
17041
2499
8233
11863
5420
15041
2775
1071
18348
12249
989
9200
12384
12933
19900
4574
9874
12183
14639
14924
18426
19020
12543
18150
13968
8862
8163
19732
15365
5064
10435
8757
7562
18668
16972
12982
10060
19746
10404
4760
8347
11393
13959
17082
677
13859
18007
10551
2393
12645
1826
17170
8016
10720
15320
1984
15934
19834
18067
11298
4898
4854
16407
12459
19873
13378
1792
9932
13123
12196
14691
17821
19940
5002
14903
16968
18860
12909
3870
17604
5554
5695
14774
13569
12767
10093
11904
8700
9926
6323
16349
11175
11176
12755
19986
11048
6132
18129
17331
15607
6676
12022
9779
6615
17023
4681
3583
12234
13942
7452
6189
19495
9499
962
9415
18617
7406
17671
7316
13684
3993
3664
4858
11520
12771
1195
18919
15254
19324
16249
7212
5999
4622
16991
8966
17996
1671
8900
6581
15612
12703
12770
11458
2201
10083
17225
817
17489
14895
4484
7524
15239
4500
12381
3110
17270
9928
2028
12523
9251
14628
19735
11601
19250
16725
566
13597
14747
9465
178
6711
2168
12947
18168
720
19381
11744
17889
16869
6638
18724
4392
18228
3223
13125
1337
492
19404
19716
13015
8654
14344
9101
16606
13593
2177
13524
3541
16923
2988
3718
3633
1507
13016
18153
18579
12397
9896
12819
5617
12886
11542
6361
11113
14765
19485
8802
11608
18888
8517
974
3893
19212
10074
16850
12804
12250
10373
12697
9173
9713
16414
9157
7571
5782
7309
6149
18178
17205
15319
3794
10090
6861
6506
1202
17977
5990
6355
9584
1229
11224
10558
1473
10435
16983
14675
19591
9233
5047
12287
14757
14759
8700
3913
2330
14481
7574
4830
9010
4778
149
9156
14867
3361
15661
12420
17689
18003
15127
7272
15583
6350
14181
13408
16784
11164
8082
12726
16748
13128
5012
7856
4239
10064
8120
6568
896
15693
7749
9906
16822
7897
15413
11688
7609
11073
460
5297
9075
15586
8921
1010
18287
19453
14417
11422
6968
2498
4148
3715
15625
9159
7922
16215
19222
16042
2782
16470
8086
6883
6375
4908
11131
1787
12947
18740
9211
9758
388
14638
1695
9308
15647
19981
8761
10063
7755
15728
12560
11902
15795
4536
1060
3716
751
16634
16109
19884
13103
547
3118
15829
1806
14249
13967
11104
12988
3177
862
9727
17814
2556
19035
13460
18889
4147
19874
6643
19874
8785
14896
12020
13321
12307
12088
10423
8940
8196
6658
18394
5094
9776
10574
6899
376
4540
18003
13363
4069
15216
3089
1882
14123
18475
11694
13011
2621
11567
16005
18847
352
10900
10866
10024
3207
2953
16798
8498
7501
19807
3244
8946
5934
10169
15845
6309
14709
10199
16023
18777
5414
19112
17010
19536
13938
8703
8899
12911
270
1255
11757
16973
12155
18974
6996
11713
18279
3793
16562
2131
3599
16157
11076
9533
6326
3272
12193
1034
13470
8216
16162
18883
3679
13171
14771
17616
18226
3669
10526
18495
1275
18634
15467
13429
13960
18814
1493
12238
2606
14407
10720
2556
10563
1795
8440
16888
5067
633
14273
18536
5200
10434
13771
8878
19957
4893
6493
18182
4913
13371
16676
6187
8356
8494
15968
2315
7307
17460
10904
6264
11866
1623
5171
18781
3418
9963
15668
4836
6947
9941
3371
12146
374
13493
1023
16682
18385
3867
14863
3297
17237
7890
9484
5593
12735
5451
4259
16393
19262
15163
2656
7480
13137
4179
6260
12906
10493
1927
17741
17439
8219
17464
5936
4945
10956
3310
1626
5693
7176
16489
5341
765
4378
11176
2709
17113
16626
6967
9857
12240
18481
12513
19719
11618
13043
5978
875
19887
4256
18616
13677
12475
16079
19612
17419
3386
2921
19044
5430
6448
11884
10771
7212
12614
1946
9920
6078
14924
13239
15934
3515
11719
4798
3233
19688
17840
5562
563
14078
6169
15530
7754
14995
7960
7365
12413
7697
6637
7809
13127
13085
19692
3897
296
8657
2194
6568
14734
13469
19806
10668
16983
7876
15465
16567
7564
9657
2128
4478
3734
4649
7
11488
19643
4318
15204
8408
12014
1841
16216
5140
11277
12259
5388
7924
916
3934
14491
15649
17402
10648
6316
14385
18524
18133
7303
6087
7789
9431
6916
7874
10431
3274
19361
10073
7591
10917
18480
19604
12757
11047
1096
385
3306
6483
8308
4221
10416
19151
16221
4170
9798
18889
14906
8321
17021
2208
10759
1161
7990
17674
9034
18420
947
4747
4845
8537
15663
3324
4493
4771
10723
5588
5155
14028
8422
9814
14600
15190
8964
7172
15711
18762
6060
10616
3434
19432
12823
14193
592
17165
11866
5978
15584
9165
10724
428
14053
6386
104
14897
11156
10826
16836
16310
1205
5258
6123
12156
16799
11439
19327
12509
6552
1739
19476
9985
1170
8650
529
1762
5814
8747
7739
1398
17911
18462
18177
11963
1199
14632
6860
12354
1809
3695
5015
3013
5304
7489
11520
18454
15279
10847
10962
1830
12585
6789
8167
10106
15439
8695
11867
1252
17441
15957
19001
15351
10770
17178
3666
11968
11809
6877
673
9970
6923
2039
9334
8579
9528
854
7032
4806
8052
14346
2988
636
1134
11154
10741
16572
19848
18960
14176
17289
11268
13176
8991
2038
10353
9008
10357
18514
15884
7382
4835
19159
9420
14168
7737
18947
15021
11120
105
3072
1817
3092
59
2951
14245
7152
15874
10444
2463
6401
4084
13730
19577
9427
12119
6281
18434
18828
1146
10670
6209
5980
9828
15628
148
13916
10927
11520
1387
7383
10944
3204
6826
7354
2506
17422
10857
18379
7865
13319
1132
11949
3401
708
17727
11871
6988
16160
10698
8134
6829
16906
14113
13008
8886
10612
3275
16164
2132
4662
3546
9427
4217
6723
16780
6722
4144
7637
1452
12008
17307
2583
308
707
3290
18034
12578
6630
10546
19627
11115
13726
12885
1579
6734
18122
12191
6360
14285
10674
7373
14182
100
11589
904
13231
18310
5047
17219
16114
13406
14526
18696
10066
11584
18338
4451
513
4967
14996
140
12433
8722
9376
14011
11807
7497
6201
18166
18133
13226
5539
12314
9677
13479
9569
2908
8141
10967
126
4254
724
11003
19301
10789
2587
17638
15240
3099
18956
6587
19590
11388
15308
8965
5399
7114
16461
7951
1632
14593
1177
3522
3258
10853
17000
12826
10112
5140
144
6590
5745
868
17592
5046
8008
178
2683
19599
19629
17991
6186
19218
9378
1493
8183
11128
4959
4643
15431
6590
19236
12959
10111
18845
163
7110
8023
10275
8602
8166
16864
14346
5385
10807
15743
9745
10985
18426
9343
10613
12768
11880
9830
18497
13373
18012
5977
14683
19007
1407
1272
14594
14365
7734
13438
14527
11195
1460
1153
19796
5978
14368
10494
11362
5175
6236
17458
12511
1013
6801
3123
10132
18680
9304
8629
8404
3668
14605
3086
19026
16011
709
13619
6727
8442
3408
17605
15989
4868
18758
12136
7197
13125
2629
14910
18299
5217
12368
10809
2581
15520
10283
12713
14199
15939
17693
18955
15958
12297
18392
14983
4659
15453
8601
7737
3894
8360
5341
16234
9579
4098
8370
16775
13575
10998
11685
8225
12566
4052
15386
15147
19571
5668
4211
10121
17958
1903
5427
13915
10551
171
8897
11561
15623
13849
19297
15868
2209
4637
12102
11787
5087
471
4914
18661
7820
16598
6885
386
17001
2270
11884
12923
4290
12446
19395
2247
14348
4822
12514
1250
4992
17762
12810
16966
7963
12106
12833
6523
13094
4934
14661
14532
5404
19574
13192
13224
16171
16429
13609
9523
15050
1844
2445
19339
14289
18192
17938
4988
19365
6803
6237
708
4564
19046
17673
12526
7503
10505
19048
16948
15439
13709
11480
842
9634
1023
14065
5805
17451
4025
11679
12501
5868
10476
8191
156
8667
2480
1495
8031
9282
7731
8738
13846
3128
6410
2723
6982
16914
1771
282
12352
11831
11761
9546
1464
9135
3610
3620
6586
3987
11651
15438
9854
2126
19980
6362
10792
2460
4208
15174
11741
11939
3911
1938
11418
6672
4661
14752
19937
2783
15033
8641
10965
6793
18186
12428
12279
18147
12400
18864
2133
4050
10653
8339
6175
10633
11052
13318
13092
15259
8491
1184
3549
8753
3122
14967
15424
7782
9718
11712
6916
4750
352
17880
7894
18537
6659
172
13036
19058
15388
15168
3107
2392
19858
5633
13024
10909
18950
2467
2520
3792
3651
6068
12544
6772
17386
4319
10905
3455
16031
17820
4556
12734
12051
8801
11271
18709
5325
4306
17767
712
15825
17225
3103
15683
2858
12479
2943
18159
14945
5462
1951
18595
7882
10846
1718
5267
11517
8974
5074
3899
6793
9629
16632
15195
18430
4254
13904
3754
4911
11670
817
736
5246
271
12770
4455
12749
15712
2614
4046
17526
916
18992
1759
8113
710
3377
19629
9683
8450
3527
12828
18079
16511
8022
12860
764
18277
16613
5675
9946
13781
6410
11544
14051
15531
15998
3152
7594
18611
7197
1471
15878
6188
3229
3991
3249
6606
19971
9284
15055
3498
18463
9485
8
2836
2344
17123
1113
18956
2797
7410
9088
5558
18953
19491
17440
14951
2642
5034
9913
6190
6504
5791
12377
9733
9781
11978
12690
6103
1261
7744
5952
16075
17229
2311
18910
19572
19434
22
14880
2230
7432
319
4140
6384
19809
1579
17686
2450
6612
7599
8639
9468
13389
17368
15552
19521
5697
8241
5623
3309
12336
11575
19383
5916
13885
18292
5488
13318
14666
16719
11900
2097
13389
12391
4832
13198
13969
2518
11999
16933
6468
16990
6400
19856
10709
1951
15728
16405
6543
17702
19713
18878
9276
15447
4794
19513
13738
6633
9182
8403
19703
17433
6851
13091
9823
8035
2640
3792
6904
14639
724
13371
11628
3475
9578
2336
1777
1657
15092
8319
19358
11156
3548
4986
6602
4693
4498
16691
7677
10031
1446
7379
7464
4648
16822
17286
12682
15813
17429
15937
10451
14504
9307
18430
17978
15236
765
16106
16892
12208
776
16250
3363
676
1235
6316
5368
2084
3007
13045
12114
804
16775
19577
5451
9948
13215
14485
5761
10643
10421
16211
5147
16080
14641
19476
11315
11757
11934
4559
317
12709
808
3679
13384
18394
9995
15104
16829
9353
8148
5294
10156
1274
4871
15606
11222
14437
10090
13334
5079
16863
9544
6577
12942
536
2405
4256
8645
14338
8814
8961
3398
5973
8991
16782
718
15337
11885
13898
4689
16384
19192
11196
17657
414
6802
5230
14850
13243
18563
16280
10105
4459
2857
3046
1346
1613
3654
6342
12302
8819
15302
15699
11144
645
8832
8213
15981
17068
2111
17022
13451
1302
8217
7460
1715
15018
9041
16564
4613
3956
12843
11069
8414
12051
10467
6111
10015
14120
12453
2316
19290
4106
14367
10433
4750
3198
18646
17083
16618
756
14104
6420
18409
2320
13879
123
13690
19272
13038
18302
3227
2232
9370
7992
10635
19836
14102
649
10307
6554
19317
9597
10660
13683
29
11761
13232
15026
8843
6201
15781
2946
12621
14189
5266
2851
10663
18955
2122
3700
13608
1700
5932
19329
9691
12918
19165
3793
13566
5823
10346
9234
15419
17357
19268
11800
9118
12500
6825
14312
15052
2606
17258
7672
13146
18875
10523
161
14181
8996
3860
7788
10696
6143
7116
386
19060
2632
530
8978
8455
7228
18211
3873
4584
17479
12024
10053
6330
18849
4365
1381
17806
17974
5405
10951
13200
15927
11111
7380
1274
11323
11519
11969
13817
14986
8707
9229
17618
9236
18206
2424
16463
12768
2648
17399
6598
14672
3803
12927
13520
4519
10660
11325
18844
16064
18627
12043
8342
6090
15774
5967
17412
7292
14288
7580
18630
2994
16808
16247
8581
15013
18670
1396
4133
1317
15146
10730
12340
18948
9
5859
19819
10668
13535
18662
3083
12162
10705
7776
14603
2830
13742
8366
6474
8029
15945
5103
7374
12753
1349
12307
4117
16370
10054
4601
14038
5199
15331
6378
498
15339
8588
316
2358
2123
18978
1792
10636
6034
9567
5238
8863
19660
9955
15336
4041
5899
438
11414
15003
18138
3720
15472
10859
13773
72
1249
15323
15402
3978
15821
7092
12565
16136
5801
11039
11465
7592
18026
17498
13510
19615
6361
9522
9569
18048
13562
11820
18486
1327
6822
12975
1399
18645
3834
11523
18717
1434
6846
10470
5411
19018
17562
17975
11505
19714
5366
2970
3658
3391
467
13519
3006
3179
3040
8926
1227
12953
745
16064
14280
3919
5390
12030
2563
5575
3552
1279
7008
6749
11749
12418
5766
5662
10393
17271
1727
12110
240
5384
15500
17058
18903
14857
237
18294
3783
17815
7599
4527
10230
18230
8445
15619
10259
11008
1194
13810
8638
8201
16911
16738
16971
2676
2399
7363
19946
4126
15824
16537
5861
11323
9947
1115
2532
6535
15761
6314
4349
3359
7192
14578
1588
11989
6548
8198
19348
7741
18359
7985
12294
15269
4723
9264
17945
3473
12978
14242
3950
8801
7131
6163
16475
17077
7277
19006
3611
3037
1671
4311
2747
8863
15240
4334
17203
1787
8883
16550
5880
7242
886
18173
2510
1960
3788
16806
5433
16765
11048
5734
1917
14530
11896
14743
11606
19173
13749
11568
18561
15419
15878
1308
633
7469
1993
17835
9255
10876
14384
11486
18117
15270
9658
16978
17229
9797
13784
19013
2913
1183
4747
1181
15712
12994
15924
3669
8518
9672
15236
7079
1442
7465
4738
2075
14933
6730
19909
539
13957
10645
12025
12073
5914
18034
5403
19494
7831
19186
14859
7095
16720
19605
8276
12431
8950
4199
12451
17468
10222
4038
4546
11663
7854
9283
13737
19138
12364
9998
19676
6321
642
8052
14745
2907
6086
147
18752
10268
15684
13610
17362
12403
9566
1989
1185
18516
6187
13635
15983
16408
14024
16880
8071
1877
2514
18159
1014
14877
8156
690
17549
5149
8741
12294
8055
11178
8792
3159
17797
4476
16768
15159
13230
2686
17147
14415
17553
19686
4401
13535
12445
18425
6766
515
16653
9279
15026
17667
507
19533
14708
18056
4682
19800
6701
9088
10978
15492
12246
8774
19967
5366
284
9549
4403
13783
315
1955
9820
4715
11841
2264
19491
18606
2779
16144
4236
14156
10162
4742
13688
4869
19149
14721
1020
5849
3809
8349
1341
12406
13475
17659
14123
13758
7207
18525
3892
7521
16831
13711
8588
8671
15975
4430
3628
15105
16925
7863
9260
7086
8957
19299
8306
8105
14020
9326
13954
14180
14026
11646
6585
7500
9304
17060
17610
12863
15584
1501
16735
8767
15212
5322
17437
7538
9752
1065
2642
3028
8927
8253
10114
14235
7551
14771
2340
1570
448
12645
15749
14474
4290
18686
1973
13593
15745
19582
2807
7680
17435
19542
16446
8998
4863
13883
16535
10966
11299
19176
13994
225
7428
459
14460
11330
11581
13151
12900
12029
5795
5000
2854
10084
3685
1178
28
19429
17112
2835
3461
14546
18728
19906
3543
3590
10140
77
10908
1438
15604
1253
18015
19383
1711
8826
10712
9643
18328
19963
1671
4122
4963
4524
10557
4999
2054
6936
780
19165
6122
4240
13710
4849
497
13604
4791
6989
10032
15698
8426
5635
13302
2792
1369
11364
7969
8432
1006
6296
8395
2677
6769
9709
3552
17325
11059
5605
4261
11838
4769
6734
12429
14830
11583
12926
8433
16373
19914
18464
8422
4691
450
1723
3835
1818
13086
11803
6602
14091
18099
11348
13119
1219
17408
13023
18544
8466
14979
19156
304
16100
5889
12732
10929
13823
2009
15714
10195
18274
10529
14968
2965
10979
16690
3151
9148
6127
14953
15749
16570
9403
7096
6040
10622
4503
15414
5517
12969
10393
1024
9624
2844
6912
18707
10124
735
716
5837
7281
15341
16366
2249
14657
3696
15290
17807
12843
17769
9112
8592
14338
18514
12039
16729
5487
12894
12143
7355
2214
18887
8378
11837
1730
15290
6895
11853
12376
3962
17690
16008
19303
10407
18256
13959
14102
9898
11766
3296
7666
877
8239
18355
15742
278
11435
17581
9523
19929
4935
11736
18815
9665
19924
544
1306
6818
8749
13681
10780
2790
6040
6434
9548
648
392
3649
10545
8509
6944
14562
5737
11535
9268
17831
11812
702
11763
1334
631
13049
9421
15797
2713
9344
12693
4018
12513
1441
14050
19644
582
90
6077
10129
737
2821
13777
7633
11329
17072
18546
13418
8606
7813
11248
16769
4866
3010
14454
1848
16058
3874
17645
18771
9569
6689
19140
2082
8129
13190
18077
8710
9631
4154
18838
6719
3326
8966
14351
14654
2389
12896
4423
7347
17060
15670
4115
1925
15031
18569
3773
11089
18794
17769
6211
4715
4457
5350
6796
8937
14891
1224
13998
4521
1729
12835
11239
5054
18152
1941
16060
540
14836
482
4238
11895
16152
8353
10172
7534
3273
13944
18622
18418
8064
1184
3132
8872
2886
6279
17808
14128
7503
11805
18649
9231
991
6239
14285
19142
4532
6696
16033
15719
7177
271
7614
19680
4975
14137
7214
8247
4432
2187
3016
12495
3371
6148
1366
6256
12426
19173
383
19928
7329
15383
5511
8319
17974
16147
3812
18857
2842
16196
14575
10018
12818
18540
6050
17792
12676
13263
2390
17107
15449
5406
5953
18819
11553
7318
1426
330
2842
18161
16610
6522
9895
2120
11192
4220
14618
15003
3076
17459
7551
17651
3828
368
16190
9877
14512
5218
3139
16901
2324
18588
18658
4629
13758
6562
11946
11536
6892
11140
9696
19853
14013
15942
1972
5205
162
16589
207
19589
10399
7757
17239
14226
4477
9781
455
18988
11350
19945
12240
13673
14884
10898
18301
8642
13811
6599
177
17054
14090
6224
16906
8102
18517
15229
13306
18678
8169
9865
18267
18567
13973
11857
9145
18449
17989
9599
17436
9338
5895
9676
19363
779
16925
14015
9420
10735
16965
5948
7789
11054
8523
1046
15508
7039
16275
5165
2069
4443
15029
16687
3010
9002
4895
8506
7450
2884
14456
1238
8573
350
10913
4287
1128
4189
18302
6899
14923
15266
9198
19063
2672
17720
109
14531
1111
16383
19695
3179
17177
14724
19865
186
77
4759
5043
7526
3994
19498
5115
12567
16200
12379
16853
13679
16567
11506
578
7842
3124
6127
6904
2147
199
3364
16677
1309
16098
16371
4487
13275
7446
703
9812
7522
1813
14855
11400
5807
10704
12866
14725
6903
5245
7929
16934
1811
15787
13863
9652
18910
19989
12908
1056
187
16271
14084
1495
12369
6806
2333
5643
10604
19387
11806
14477
1200
6660
5876
3358
13716
15094
14434
618
338
18714
13903
2148
14500
7765
8152
9761
7754
1059
7168
7940
13681
1251
5787
2401
4409
4471
4395
15012
3858
16201
9488
1409
2860
11716
1118
16575
6809
11903
13545
7146
10616
7447
5645
1468
11564
10148
11228
19317
11206
18396
3608
1239
15998
9394
3639
406
10217
8034
15417
14074
586
4905
11834
3445
12972
9303
16372
19780
1205
6268
3277
8172
10066
8921
9639
1629
19069
867
945
6626
15614
4553
4216
11611
10298
4207
8369
514
8592
3785
10939
9177
5041
2772
12621
14364
8426
5344
14143
9630
11611
13771
14154
18029
2692
3792
19657
18112
1010
602
1089
12975
1506
5305
4586
8155
5863
9306
8669
14454
9442
19607
3630
14483
18731
12602
5198
3508
17946
19341
13138
5908
13111
7291
3936
12154
7434
19945
6617
4796
16898
4058
17770
14755
9362
18707
2909
15224
8012
11577
6029
17454
7536
9658
8288
2618
2259
13485
6125
16556
9177
15614
18816
18640
19256
2751
10793
6690
19047
13762
7837
15944
17819
5606
10698
3532
4313
13607
15107
12324
1535
1135
6129
5422
7144
14416
8039
9402
7901
10516
5958
13429
6129
4773
12068
1737
3875
19213
8426
19274
12974
12614
15217
7144
18219
2267
7027
2531
15873
2133
11207
13759
19619
17335
19181
6762
11751
3571
12515
16003
14086
18472
9431
16567
19596
17851
18303
19823
17063
3080
19096
6388
15693
10664
9883
13911
12930
16909
16442
5154
15393
4000
18913
15011
1334
18093
18124
9436
1663
10638
5438
12101
5462
11221
8667
5057
5423
6969
1231
2485
10048
16678
5224
5740
7342
15106
19650
16623
12014
12443
1777
7406
16442
17041
18768
14128
15133
16891
3563
13147
7528
5353
1599
12989
12925
10265
14398
18347
13585
11980
17183
3632
8658
2406
5723
12351
13863
1725
8973
2228
10519
7101
9633
3313
4141
4752
17440
15625
1642
17354
5124
5521
2706
6722
14862
11982
13339
9259
6680
6923
1238
3862
6907
6247
2619
12629
14949
16481
14353
3922
18708
4872
7374
4692
8184
7867
5795
1975
3491
7436
19328
4966
9309
18386
8040
4170
6719
1378
13428
13399
4652
11017
17260
11558
13616
16231
4187
8564
9063
14891
8837
4123
16114
16211
5166
649
429
10961
2623
3919
14748
18303
5237
4056
13040
13276
8225
19758
11005
18004
13156
15656
5373
6768
7214
18988
2998
7752
3903
8412
2642
12740
12534
15108
5302
17700
15756
5730
5012
14731
6000
19759
13033
11236
3815
6072
4511
8391
5829
11867
6395
15337
7523
8119
2104
11088
7106
1453
18839
7360
9864
17832
99
18750
12939
5400
12801
8695
11129
17812
19777
17129
17570
12809
4716
1384
15232
9227
9775
1060
17445
12521
12748
4967
639
14851
12406
4096
12655
11244
11455
2519
5428
7906
1268
18366
13305
14068
3412
786
11879
3188
14266
5800
12348
18981
7184
7579
4559
13310
4991
2004
2182
17738
6970
2820
8941
19376
3267
1595
6971
11073
465
12398
18978
1732
7116
8635
12151
6879
9420
381
6419
3685
6181
15118
19017
9716
2697
3576
19377
4039
5579
1558
18128
8900
729
7068
8275
3995
8663
11598
11419
9127
347
6749
7211
3814
15383
15713
10693
1154
16094
13463
1190
18626
8580
206
8341
7628
3781
4069
11666
9359
5626
9794
18259
6354
13213
2885
6700
18227
10834
14470
3706
11181
1218
10916
11346
12952
2980
18390
10457
15425
11852
11646
14050
16784
8204
18742
4411
8336
2810
12429
14047
4787
18574
8657
11140
11786
7893
14191
10013
18727
8661
13718
6259
6230
985
17604
19182
3964
12346
9638
19389
4197
17636
9790
17332
2191
4884
1743
10526
7693
10523
4572
12480
9096
13228
19971
881
17473
10514
10893
16199
19174
962
18809
1755
1946
12764
936
2262
5109
6926
1650
5658
4561
7791
2989
6751
12674
1083
13628
367
11605
18200
9198
700
7779
5520
17933
5251
16033
5177
17801
11558
6139
16609
13313
8084
5725
10600
10345
10833
17525
8346
16490
18437
16137
19479
1539
8810
561
15167
5528
8518
9718
11077
5569
13848
12949
3501
15451
5333
8678
13251
13243
14816
6212
2907
19251
11936
13506
5948
19120
7383
14293
15610
5819
6781
11440
7358
11943
8352
18876
13822
13221
4945
1251
18790
18792
14199
2290
14242
15883
10967
3845
9125
2134
6408
12031
1385
14695
1889
7332
13814
9271
17976
5775
11441
1109
13566
15150
13051
18270
14025
3224
11490
15321
4474
10279
14113
15024
8921
4706
10907
19887
4902
16383
2021
11309
4766
19757
6003
6654
3440
16169
12276
1415
18295
3716
18875
8213
15218
8277
6482
5594
11501
17971
915
12326
4602
15027
7350
13522
16084
18256
9760
986
10990
8132
8646
15755
7888
11001
2408
11327
7169
11035
9094
1815
11103
4320
10027
6320
12597
16508
11913
449
10831
9179
12774
11784
4205
123
1657
16641
14730
11416
17626
5720
19548
2623
1474
3787
13623
234
15114
17143
11268
559
18958
18722
4878
5336
5041
13826
1844
13306
14274
9026
2484
7048
17161
3041
3522
18817
19681
14604
6584
13658
16675
6131
16280
14500
6270
9903
14733
17735
7045
2353
18293
2354
1074
19522
7690
2467
9700
5885
15772
3973
11262
18255
7372
8422
17647
7246
3590
17327
1849
10173
7336
14875
12656
19968
9374
18925
9870
4107
16659
13266
2811
11303
15620
236
7176
19661
2702
16875
5545
14825
17200
16806
9432
4571
1579
7078
8168
5168
757
6368
15340
8092
1242
4347
8059
10616
3271
14280
11074
16281
7546
13884
3935
19517
14119
11111
19177
13173
4337
4721
7997
1536
17878
17428
2459
19456
4506
10626
4623
5262
13346
16314
9705
14587
661
17764
5202
3931
8395
16275
16564
15940
6510
498
11808
16981
7960
10984
10153
8649
12056
14501
10184
9933
8281
8994
5740
12786
15972
10362
14399
9317
6676
455
3903
3688
14570
5457
3970
2965
18083
533
15256
945
17383
7064
17925
1694
14399
4429
10342
2807
15281
16878
9091
3561
5871
14831
12698
1842
1544
3448
7510
4571
3903
7765
8258
18472
9573
12228
17788
7655
9112
9396
4951
2846
16459
2875
4540
7209
3655
14881
6367
18936
11758
15458
2496
13981
6640
15194
12174
8183
18641
16036
9106
18895
3800
17363
13719
13372
5942
7858
17378
11406
17253
2329
14251
10063
1555
18790
17272
1562
10023
19990
497
18132
15447
19344
12112
18438
10889
638
6621
9530
16673
15726
4776
472
9440
18494
10195
11734
6352
3924
3139
3604
6252
13741
10019
4159
8883
7290
5720
18905
7279
2568
17036
19078
1911
5500
17515
12800
2489
487
18681
19161
12564
3456
15984
18356
18302
2530
10089
1005
6453
9579
960
9057
19671
10978
13215
8553
14619
15286
7457
18250
17853
845
17327
19763
2696
11193
8914
1536
11680
7594
696
595
7402
13031
18950
5703
11912
5390
3059
18364
14968
4018
7420
10991
11348
16986
19543
5966
8623
7000
4215
2827
4196
17893
18942
3243
5438
7855
4778
17117
11801
1825
14063
19202
14855
13013
1256
6766
18402
4314
1481
9722
4683
5253
712
16030
18590
16606
18348
7213
19957
2562
6391
4152
16807
5332
3746
2244
13187
8523
15712
4987
10347
9774
540
1553
19138
1795
4670
13892
2460
2503
19965
3494
7755
17028
19524
2696
13633
14223
6260
13590
16784
12651
14093
9942
17982
17839
12185
7520
6361
4248
8858
13060
10374
9397
10964
9511
7543
11986
3402
10002
14488
19718
9848
18594
16745
9371
1289
6730
3593
3901
319
16728
16551
10763
3022
10884
8601
11558
18404
11314
15806
3613
725
6179
13010
11688
15689
16904
25
15443
3258
14512
15160
13105
9457
8257
18827
7098
14986
18771
10998
11656
11850
3900
2418
14871
14783
7371
6429
9538
18684
2234
9503
19408
4764
18864
7447
452
15767
7472
12246
19024
18335
3758
8480
7792
8366
7306
14889
3351
6076
2238
11358
17926
6137
13775
9148
17271
17497
15576
3161
16180
14161
12663
11939
18924
11526
19386
15728
7292
3209
4325
2668
1543
8082
11147
9334
12799
18453
574
16149
880
2811
3858
15157
8947
13985
4305
6218
11481
16232
9378
7661
10393
18392
15951
5668
9917
15336
17747
13560
18544
2072
16227
16439
6505
7374
5772
19304
2178
6346
11804
3057
9156
15662
18214
14455
9646
18870
672
17478
15101
6401
5138
1845
1144
17441
7513
11060
12776
5259
4619
7672
7330
846
4110
13835
4571
6233
9490
6748
12578
1293
9804
18086
16954
4369
12540
2951
3238
9563
429
14691
12315
1918
16535
13458
19358
4047
869
8486
5658
5487
12509
12987
2684
12970
3173
7254
19202
12662
10353
8132
13955
16509
2569
7260
877
15108
10211
467
1022
10639
15157
9688
12556
11691
19497
8266
12090
365
16751
17747
2203
9259
7085
1239
2228
10258
8492
17781
19271
15197
5912
9577
11705
8480
16837
8933
19939
7047
9399
17312
14037
907
6999
6592
8950
6495
11209
1039
3211
7959
15137
5414
13569
2221
6652
15796
8830
11495
13577
8101
6691
15840
17677
14747
4320
10865
3680
610
17911
13078
17922
11947
10337
4920
14891
19286
7767
6099
16676
10977
10410
11812
12742
3978
10384
15745
16126
19214
3592
6054
3666
10282
1893
17694
5029
2564
8559
5060
3174
2821
14489
1095
14768
4825
2366
6010
462
10132
12108
17137
17461
2517
5300
10202
2847
15684
2299
18972
11249
5890
5025
11266
12523
6917
8959
13903
5833
13869
18962
9006
16690
13451
6452
11457
18275
8817
13818
18737
15301
2277
12225
12761
1146
17525
19314
3992
9560
1612
2963
808
3853
7987
12073
16376
11255
17383
10278
17087
11252
9240
2444
7941
2690
8895
15749
17316
14064
9566
16052
5716
11842
4629
18476
12987
2153
14141
13330
11712
12105
16292
8871
15957
630
17295
8684
8237
14677
18962
1675
2280
8201
4119
10220
7242
9365
2320
4557
19780
8237
16961
5495
79
1589
322
9417
93
10815
2747
8156
2919
15390
17026
15227
16020
10672
3911
608
5348
2872
2282
3980
7424
2752
14199
11017
8469
12871
11925
8248
1107
8885
10095
1185
6825
10416
6954
3269
1230
6052
11424
500
1441
4801
12079
17460
15472
15989
18067
17172
15212
16701
1151
18987
19452
11701
10003
7920
4571
1927
16168
5678
7164
2614
3214
10340
13029
6519
13609
10611
12570
1384
7462
14011
6185
19540
7822
18008
11880
2241
15179
3443
18941
12681
18781
18392
4382
5135
2664
5304
3414
15183
7333
10577
17796
6899
17268
7176
9769
10876
17786
2339
8612
1600
12701
14796
1139
16874
12803
9371
19114
4334
12813
14406
17014
7946
9150
17747
13080
11813
19403
16493
6995
3087
3421
1142
6337
689
8317
16106
7916
2455
14796
16527
4054
7496
11322
1544
4369
477
10914
19835
1162
79
14240
14527
8024
3389
8626
17455
15201
8028
13948
18547
7466
17368
19688
13803
14408
4357
9908
2324
6811
4703
18850
10864
8550
6524
8759
9270
3352
19673
9104
4513
16103
19696
19039
478
3084
7664
14284
14637
12043
8231
9535
15861
1951
5575
9663
16358
9931
15922
15033
16741
16976
13883
3956
5525
16758
12714
11146
109
8738
16602
4621
1192
16297
11
18021
15732
4027
12305
6720
12421
535
12607
8281
18837
18181
17943
11547
8111
10216
6579
1203
7191
16813
1510
9067
13570
10575
16565
13678
19313
13166
14650
16856
5814
11013
14877
1545
11391
7181
4617
3811
4067
17223
12092
19256
11755
6386
10802
19865
12954
13732
17419
144
10545
15280
5563
466
5854
2127
10496
1518
15292
1497
18374
1105
12509
9602
19001
3899
16782
19969
4062
17200
17191
16153
16455
8945
18890
3608
5161
11843
17340
18931
8339
4236
14210
13901
4701
64
12379
15196
1581
4022
16693
16306
5126
5553
5907
478
9452
19040
447
13513
16240
13989
6017
9046
19286
1258
9006
798
9453
6345
19729
14143
6932
13938
4395
11632
10353
16773
3180
8286
794
19872
4591
2271
1776
6850
19100
11227
5889
15898
1091
18480
6239
3459
3878
5524
1069
12883
6321
10521
15579
2401
1015
2510
12691
5409
10493
3043
2181
13672
11328
19326
9895
12271
17948
11671
19120
17047
19249
5008
12945
16692
19840
19183
150
3717
1058
1218
16599
3730
8090
8529
6131
9104
11038
18821
10864
1530
1863
9396
11554
9543
8721
1448
1813
6668
9470
932
67
8719
2291
13011
5410
2130
8545
1911
5846
5954
3129
18796
9683
7570
7324
15813
13026
14713
10985
3889
16243
9200
13285
4148
18742
18357
1947
16906
1377
11417
14189
1443
135
16479
14453
5544
14961
19349
7454
806
5302
6934
15954
14984
10856
3277
7149
233
17990
18133
473
10584
7332
10109
14731
2425
8466
16677
19330
9842
4445
13518
11284
4579
6349
2088
6474
1309
1436
10280
18466
3089
13565
14419
14424
772
17696
1572
1004
12037
16057
1477
18972
19740
11585
10054
18517
16402
3082
17846
6243
7527
7716
13878
12105
10416
15965
14931
11724
13752
5210
10189
13192
15126
960
7616
15898
18655
5539
13253
7043
1595
14729
6014
17687
2666
16067
16203
15419
19148
10400
18014
6674
14467
11891
15131
4882
4208
10061
12957
14311
11622
3146
7503
6747
4105
15118
18996
19111
17008
12249
2505
18603
3329
8518
12641
5994
936
8843
1413
83
15594
19426
3109
10061
7668
14591
11294
11875
4651
4251
2538
12624
3748
10040
15722
4204
1509
14718
3314
18516
6966
5818
13470
10294
10687
6110
12640
11622
11304
10404
8056
6898
9829
7516
13310
13848
2106
4603
2075
3108
8853
4612
15731
12600
14651
11453
16803
16159
6170
16468
11026
9487
18637
4496
16132
5675
10605
8771
17296
18261
15526
1704
5158
1706
9219
14819
15554
11325
19421
17628
14432
4626
2239
6515
13577
13241
17967
6732
5751
488
3199
16776
6326
18188
1271
2457
3862
8228
7580
17510
6488
3105
19213
7997
1163
4783
2815
16716
16107
18587
14343
6891
3212
12933
13405
16789
6173
7723
3520
11923
8210
3070
5050
10887
17609
6321
13343
1471
10900
17274
18980
17387
16731
14544
1735
17893
19326
4549
14608
11785
3135
5302
18675
2699
14586
8431
19487
17110
16153
19358
5384
714
18779
10433
11600
16388
13105
1294
17858
4004
14920
13189
1390
11650
7732
3124
5894
3409
4024
16853
15193
3511
18506
10219
6209
13091
18649
2047
6552
11153
17756
11935
8218
16534
2367
19817
9273
15472
17463
3482
15827
8734
16670
13569
383
753
16692
2628
4162
17068
19480
15706
578
14337
5925
3138
3779
4573
1536
10330
12078
19291
2264
295
12176
982
112
17801
12805
13926
1282
8632
2659
14304
2200
19393
11408
15243
18372
11921
8662
14203
7627
5591
8539
13551
8728
12317
14475
6615
2646
6552
5905
1261
6847
14433
18594
3310
12233
11399
13587
9866
16382
16245
4169
18581
11989
11929
10175
10360
3849
18837
4562
11475
4427
13100
1377
9507
1768
15852
16121
765
2403
18378
18377
5601
9162
16970
5262
1394
4720
18848
7611
1101
11444
8132
16033
3432
60
2560
10143
3908
1396
14704
15383
2174
4155
16759
8032
5922
8962
505
3038
7717
15234
1414
13317
4395
18384
18579
2140
3103
17426
9750
556
8870
17881
16588
8653
17940
19147
18796
1848
16894
13499
13582
15420
14006
6692
19803
16279
15654
307
19317
3370
15540
730
13038
19934
19113
7968
18425
18568
1746
8175
19123
10615
6055
12062
15619
347
7561
14414
18546
4454
4265
12127
16225
14622
15170
16028
10900
10823
12686
10216
10544
8226
10946
19934
4511
6410
7901
2936
4977
9646
11110
451
16612
13516
12513
12231
13862
73
2996
12407
878
3612
885
13455
18233
16055
9482
5485
3229
2167
15700
10125
6744
2997
10058
11255
9407
17958
10542
10735
7604
18003
11186
567
7870
50
9149
1732
16474
12145
10490
17351
12108
7727
7157
6693
133
16638
12177
3361
15157
4228
13485
1900
3577
19894
9506
9335
17852
16399
69
1807
14401
7606
18725
2271
4007
7874
354
480
16370
7195
14183
8477
11273
1339
11521
11405
17977
3697
14766
9485
4277
4602
7736
7853
848
17242
17187
18699
9992
13607
16857
4393
17565
11933
3015
1571
19806
3368
2051
16175
6914
16233
1004
18187
17571
12524
9591
11899
12573
708
1383
16849
1662
5471
1053
2509
19064
14591
17559
9055
8197
10767
13447
5761
2699
12813
7332
2505
12532
9382
15031
19446
1966
16034
13984
15888
8558
3574
7787
1130
634
5521
14330
2295
10991
15382
1155
10054
9972
18713
19109
14520
9479
8907
281
8529
1720
3964
7385
14251
9697
2416
10048
11662
18449
4031
7549
3358
3957
11687
839
4590
17208
15168
3236
8198
6901
4390
14604
16872
19454
13712
7744
5284
18970
8024
13812
689
8339
1197
11292
18035
19964
1339
9696
14764
1722
13596
18122
5678
5283
15312
10267
18842
10480
9854
3391
13732
14243
17994
6956
13696
8057
14699
15331
7027
2722
9142
4067
11060
6690
11710
5446
6653
9401
11493
1417
11122
5088
15890
13151
6722
7553
19769
5563
18032
9622
5306
8116
216
3299
15071
10263
7708
9769
5593
14734
8842
14734
15152
16253
17776
3214
1698
4428
12614
13190
2196
87
14629
14437
13237
1351
1990
9357
3265
16373
18978
8570
4488
19193
11869
15910
9455
19576
5678
11399
10661
14519
2484
2164
10771
259
1729
8820
1039
14342
2009
19586
10780
16638
14023
368
14340
12364
9724
17604
8736
8701
6174
9576
4245
14394
5485
10051
10321
7515
1449
17333
2033
3933
19496
9156
543
1225
14327
1581
11918
16336
17519
19050
9325
11541
19417
3664
256
9141
1267
5343
14193
7440
14918
14790
18185
16755
4840
8505
4269
2641
5837
2653
2925
5333
8160
3467
2909
2487
1400
11178
18822
18918
10227
4498
6810
9644
8161
7065
15136
9427
12407
5680
13219
3677
469
11403
431
1661
19908
1051
4301
5744
3703
7225
7428
8215
7043
6688
10701
8442
17866
5874
7359
8092
10371
10520
14087
18531
17584
9222
4309
9991
14902
17527
10019
11722
5282
6801
13382
5189
7851
14034
7284
7905
17610
11064
16119
4653
17751
3171
9446
15616
9044
16805
3708
15766
7324
14146
14296
1260
3368
14957
7602
14621
8835
17620
2694
14116
4420
16076
15656
12270
6461
2940
16526
4071
14003
12645
8723
8105
15815
18168
3721
1211
11324
3780
16976
15000
17925
7624
16259
17644
2580
212
12264
11414
17831
14958
1882
2250
7385
17537
10871
13845
476
3748
14267
10830
16392
19341
18935
8559
13861
19007
6121
5184
2786
3096
16535
17062
7071
9145
14706
9650
9356
3321
17416
7186
18278
19297
5787
2014
16833
13009
12211
13661
16757
6477
842
9500
5818
19776
14410
19678
18782
530
1213
17919
19978
17748
14981
7048
6892
6038
13050
12600
9358
6817
16137
3988
6113
1924
6001
19297
11284
14563
9309
4392
1040
10151
10244
3209
6278
4653
2886
5060
1535
450
19330
1512
18197
10662
4911
1441
16699
17960
14040
2409
4776
6528
6396
7240
8451
8748
2889
16087
3311
12197
16830
702
18699
7073
3910
4977
11726
3147
6388
9612
3596
5717
11123
1793
16379
12385
19585
9429
6697
9976
11837
11472
16503
18232
15064
1306
3332
14304
13744
6642
2852
10573
3695
1551
17646
7604
6527
5723
10750
12914
15334
10697
14982
2808
12489
7712
15192
8425
17141
1888
14752
5329
9712
11255
19913
1127
12560
3244
15430
6303
6237
18281
13227
9931
19831
10872
13886
2709
16594
4635
11974
11927
11683
3308
14734
524
11019
9926
8948
4511
8165
3700
9840
17876
11306
9752
19002
217
12995
14431
6519
15583
9064
16097
5513
5246
6969
19398
7955
3562
384
16280
11841
12066
19587
2926
12589
10606
9203
17889
11468
17368
17940
1307
15243
9245
7410
10597
9461
16756
1379
12331
12338
10442
8427
14202
15688
15395
9951
19994
15309
10334
12625
7149
18752
12212
10074
7692
19169
19277
1932
10636
16644
19871
8295
8238
9115
15704
18834
18575
12460
213
10905
1149
7006
19332
15351
19045
14726
5301
15390
6386
11987
8015
13534
7090
16578
19960
14781
15746
19236
16713
2733
12231
12935
11027
16820
2050
6731
12006
624
15542
12218
7881
16690
15575
7212
8392
10972
18289
13693
6361
4675
5679
10727
14560
12768
7304
14519
3900
3049
10106
16964
2134
18688
9899
13160
15508
11948
16242
7513
8923
8135
16082
16803
4825
8008
366
13216
18979
18655
3260
5340
19681
8938
16066
10592
18057
3370
5111
18309
2770
11568
11624
4903
10256
1522
14415
2115
9821
7008
5979
15096
15143
2060
11898
16319
10067
8616
9534
5398
7270
9146
10737
3302
14435
3154
13893
12492
2875
15355
7152
5645
6923
18775
6899
13530
16649
17665
11996
6469
4673
17974
1564
19815
33
9814
12485
6451
18429
18370
8200
2050
7515
18936
1703
1950
2090
11947
10793
1316
7302
17944
6960
10576
13070
10211
457
9718
7875
12452
12539
8899
10425
10454
5065
6809
267
17549
9611
15047
15919
17811
13448
3433
13098
11502
1734
11539
3449
12526
12855
10750
10469
16166
17677
19891
6376
18133
9608
10603
6936
2146
15853
17360
12600
918
520
9218
14818
10130
617
10736
4292
14064
10521
17390
5566
12254
8928
9014
1132
18134
16115
11600
14300
10143
11490
675
8275
17450
7629
15210
19595
3482
8921
8546
751
5792
17764
15568
15921
18380
2656
16565
8795
9528
10306
14360
18133
15585
19725
19264
13719
12191
7216
8018
2333
15057
5044
6959
12506
9025
2168
8453
8858
7440
16998
9608
13231
11113
1527
5504
9492
534
18420
18287
6413
8725
8998
4546
4309
5075
161
18027
17265
7376
2396
19598
18785
3792
6556
7642
12816
5076
16094
1673
8867
9444
11280
2098
556
9158
3953
6400
9692
2372
1038
12456
11096
6387
17001
11756
11461
13514
9783
8726
17241
8530
4675
16025
12321
11230
3667
5136
12657
16112
3160
1524
5555
10791
19973
2463
19949
3925
8862
5992
2648
6251
18447
13743
12637
11800
5498
4098
5313
11632
9175
18905
16514
13849
14930
8834
1430
14948
10322
14087
11059
13481
15610
16614
4272
11934
15428
572
15858
4289
2915
18505
10539
1361
8599
19527
9512
10448
3624
11176
18432
12798
10081
14945
2998
5010
3778
4428
19957
10451
18514
7367
284
10475
332
907
2408
15759
1478
14617
16399
4392
9473
3289
2104
18071
2816
11616
4870
6439
19143
3301
15589
9223
18245
18586
10584
18375
19365
6892
8825
17878
14259
9108
4704
10942
10014
3463
6701
7843
18079
3099
8586
3903
6388
10690
1973
9203
18657
3195
11993
17799
6495
3933
3374
4740
18871
10309
3114
18235
13553
8290
12465
4163
13750
17168
15104
3763
16983
1804
7958
15061
4903
16543
15316
7642
3584
13640
16844
2240
16834
5188
16391
3329
9121
16116
4420
7991
6424
3885
2577
16328
12174
15041
490
5923
8561
15594
6038
5543
17397
13995
16955
18651
6889
12270
6292
10473
5910
19487
9064
2743
4675
1806
2423
10147
17921
6842
14489
697
10726
17065
17024
2900
8458
17514
5174
13370
9459
7563
15264
3207
17909
12218
1858
4798
840
4501
11622
3101
340
17037
5843
5014
18843
4618
11512
13115
11459
6000
13811
18537
19416
7187
17788
4225
1052
2961
17594
10510
10524
12857
10068
8432
1427
8277
9581
18618
12778
1202
1718
13117
14591
3912
14482
13433
8529
2345
6547
16340
8344
16710
14876
4111
248
9015
4688
1299
11975
2281
8160
18850
11490
18227
3634
9268
6504
9566
7885
15633
7120
5954
5101
1710
9865
15934
15142
14746
18278
18040
11085
2973
14749
2312
7083
11348
11326
11770
12646
19652
10403
17157
14854
18244
11736
14839
3863
14591
4404
11747
6575
11523
14052
11675
13232
3916
7608
4725
18661
2237
19117
6097
5209
13865
8408
8643
5213
16085
16765
14210
12089
7167
7719
6942
1762
19454
1780
5624
14044
2535
13722
618
14058
7773
8644
3641
8040
12603
4718
3053
14839
3834
9149
47
14050
13909
5041
15614
6345
1805
6176
18433
5323
13894
5374
7084
9699
3505
9059
94
6040
19132
711
16449
6904
5706
16441
11296
18308
17510
14348
9498
17695
3496
5896
8097
13756
10936
3710
101
12741
6237
18533
14415
130
259
1499
6180
115
6909
6273
6154
6041
6983
18954
9296
9040
11747
591
3699
5608
14938
13196
3303
14786
19091
11399
4893
10027
11460
4993
19119
17697
19878
13533
14178
136
11383
358
250
14644
6630
2756
684
9965
18061
6331
19004
9807
6922
2703
15415
18211
15898
15069
9348
11341
6467
14241
17719
17926
15585
13189
15622
15462
6721
6152
15597
14456
6509
12199
9099
13138
14954
6134
3102
13014
12464
18458
19173
15737
1160
10939
10300
13409
6007
19647
4749
8825
10239
18819
3102
2176
12007
18724
17637
15080
1227
9586
9535
7735
1784
14985
17224
13089
17470
326
2454
9933
15135
17978
2022
16294
5268
12321
6054
11274
8319
7155
16450
14910
5973
19552
17085
17980
14627
14721
13059
15853
658
18945
3587
18793
10281
810
11881
7750
17487
10687
14034
12621
8664
16055
5266
13932
8375
11320
1557
13046
14826
18007
7955
798
17558
5039
15129
8536
16111
4539
4388
16769
19835
4326
15561
10115
1487
3794
17864
18974
14480
11898
7946
19495
4304
13212
9778
12679
883
11335
5724
15708
5693
10030
12857
19602
15068
4338
8137
7530
5228
8876
650
5063
13201
16211
15177
14687
16356
9393
10012
7187
17642
17958
6681
1945
7521
12811
10975
4755
497
13050
16814
6189
3079
9670
2142
14498
10359
6630
2028
15587
15505
2677
649
5057
15239
12177
16095
11594
1569
6107
18780
15562
416
1813
17507
4288
14623
8481
9042
15119
1531
5855
17659
4609
11876
16152
19107
18587
2781
17486
14173
14637
16514
11173
16045
11753
3349
8491
19698
1270
14597
18478
16831
11364
16642
14337
15651
7616
19170
1044
19086
700
6898
16744
1660
15126
9247
17118
13712
8379
14603
7884
3015
11117
15408
15411
19221
18756
3901
18918
16377
14850
13747
13208
6213
10388
3896
18216
18003
3065
19259
13440
116
2509
10183
1776
13986
15781
15245
7697
4159
6200
11932
3525
13668
7339
18935
12888
2446
19188
11805
18823
14037
1904
8382
16601
12291
8629
11168
6646
11694
6779
85
8161
9287
6620
6288
3272
18752
1533
7320
2911
7732
19251
6435
1399
2941
1722
14286
1738
909
2442
560
11297
4345
5293
7897
12988
13922
19065
15985
1967
2195
12421
10127
11481
15392
16415
11104
14144
17947
14775
17054
5678
10377
19840
3428
13317
1561
14065
11406
2469
16506
11966
13765
17203
13610
18014
6542
7531
13430
2526
9497
15624
11298
15976
3456
6690
12390
10911
17185
6688
5685
14238
8717
16061
14077
12144
5729
11990
2560
17134
10810
19065
5451
4575
12619
19061
18940
15512
2943
12369
18037
8792
4344
5687
4767
7799
8728
13508
18709
5912
195
4393
16501
5263
16805
10577
13758
18885
18918
16317
16018
9728
11733
17821
10654
4352
13233
9593
19863
16175
18313
14252
1318
2656
16290
6084
10454
5017
15943
5514
10928
12489
6258
7428
17751
19414
14356
11508
18298
13274
4176
10667
19353
15909
8487
10006
16612
18071
15950
12826
14246
10614
3429
15563
13269
19718
17999
74
4734
10293
5587
12013
2782
8196
15792
532
7609
10148
8392
5906
19773
12567
16572
15477
4827
1411
5482
1438
19481
17783
14264
10078
8396
17692
1993
1664
13762
16343
18089
18495
6635
27
6860
9416
8222
2651
6300
15830
9150
11043
18087
8922
19961
11010
4398
4788
8772
6231
6225
4605
4013
16840
14682
8760
14532
13026
6775
8293
5720
4863
3139
12355
4889
6350
18122
9462
9001
773
1643
18150
8167
16081
3424
8128
7091
7821
9267
15862
10404
11843
16818
10768
8683
7852
19528
19566
877
6302
4210
6597
7517
3700
15303
8757
10050
9776
18219
19050
10549
16213
13551
15067
12294
16974
3194
19384
1147
8812
11597
11550
655
8415
2317
9337
12618
1844
5254
13494
4498
9463
16442
12014
13162
8096
770
19563
17872
15340
14964
4772
11553
8515
19838
3846
5488
19384
19581
6634
8195
11177
14535
5201
15943
13204
10889
8560
11399
16142
18406
15896
1956
11199
4261
11470
19295
5031
11032
17166
370
5996
18289
11922
14510
14478
15767
16349
13861
11699
19335
18408
2876
13869
19960
15170
7072
10849
82
18471
6990
14839
10718
5298
6037
14979
16767
5331
16361
7798
18848
16730
10145
17136
5004
1006
11614
17122
17355
1826
8821
16689
16585
8048
6909
16545
3217
10333
3745
19650
5155
7086
14488
15872
12383
525
7202
9149
2207
3562
13299
1055
16644
3443
14542
1647
4449
2507
15120
18155
685
3940
14843
17269
11987
18103
10165
11556
8435
13909
7557
9941
995
2045
2165
13377
18921
9366
2526
1127
9280
12176
18533
5923
15618
9427
3921
16418
11933
19040
14572
12617
2980
5766
6238
11318
3869
16402
19225
8655
10311
6782
18596
7657
5178
17112
1033
4098
6477
19910
1576
12108
12085
16461
18030
4055
5887
1950
16824
14171
990
11396
6788
321
17161
13025
7990
17381
5778
7215
2388
12440
10348
983
96
15525
14446
1129
15974
922
17390
13901
13030
5827
10361
7411
9881
12599
5713
3056
6770
3054
14451
9909
3374
7964
19285
7715
5344
5062
11281
4083
17502
1628
1417
17597
13504
15862
15077
9477
16784
12467
3378
6165
14645
10090
9927
877
2689
15639
3932
5810
18692
18383
15718
2065
6346
15002
6132
8041
63
17412
8476
13916
19040
9892
11513
12543
5754
6589
2020
18889
15407
1749
5053
10051
8190
14979
10927
10878
10618
14859
16687
9309
9593
8756
7726
12290
3757
13857
16682
172
11268
5157
14087
6659
15049
1951
19202
802
4892
17573
19690
298
15673
1094
6701
3862
12424
13979
11092
19393
8837
4130
5054
14781
12886
9131
7070
12994
19339
104
13165
6958
5260
3604
13617
16660
5554
9170
17461
10445
3094
13502
7095
18766
10947
13795
18979
19723
7773
6422
19115
12962
10552
520
4094
19789
9650
7516
12782
8988
7619
2299
15946
12878
5902
5914
5890
7807
15083
19702
18252
18176
13204
1698
13293
502
15492
8623
224
19616
15045
15691
8929
1948
16210
13023
1736
2212
538
14517
11199
8156
16815
3496
17385
19068
9409
3274
6875
4491
2976
1478
19018
12531
3175
8662
9384
15018
17285
9608
10985
8681
1650
19914
10628
17859
9288
12363
70
9825
3231
7621
14332
16398
11116
8068
15465
525
11342
18691
1367
10669
16520
385
19551
16046
9046
8934
7415
2682
14893
18400
11362
16542
14665
18341
10753
3952
10703
7174
10128
10286
14794
4459
6683
2262
12526
18499
19138
219
13542
504
10887
10061
17240
10437
2459
2638
15723
9873
5319
10615
4624
13033
7157
19288
11373
17909
19591
18428
5082
9718
8713
16228
14176
15395
18489
3054
10245
17626
3272
3786
14481
10511
10199
11721
17299
12657
10710
13021
18881
16028
3636
19857
5412
7144
15496
13137
5052
15087
11564
6485
4804
276
2712
15332
12022
17552
18385
18618
11529
1656
2404
6010
12166
12602
14082
5817
1610
4791
18837
16842
17170
18824
16698
18934
5967
12194
12070
7370
7280
3633
13855
8435
260
12918
3766
8633
6822
18502
7250
18350
16510
9653
711
5027
18606
11144
10843
215
12286
9680
13409
5808
8503
10106
4741
10822
2299
16810
18191
5930
16794
8397
14365
17053
17667
14482
2037
4488
12984
9286
19189
9493
15291
16252
14519
10248
7395
1714
6815
16033
11393
223
1840
16247
10328
6580
3420
8979
19741
1611
14908
16534
6359
9272
9938
377
106
11974
1216
13089
17611
405
18933
9253
13008
9803
15853
16754
11516
2667
12786
19260
2889
14625
11859
9568
17556
15278
18546
17296
13240
9806
13829
19599
15429
118
19975
15534
12091
1191
8622
6054
17947
3906
15306
10954
13709
11158
4059
1576
10176
16845
836
9416
7821
12694
15336
5377
7971
13881
19024
1211
38
12853
17161
15467
12970
13487
11000
1413
14677
15974
3818
8975
19879
15475
16280
9939
2985
339
11515
13160
17183
8702
2576
1355
1395
17911
6731
5717
8143
2107
3279
8181
14959
439
3647
4280
10278
10998
2044
4954
6971
5861
10281
3202
1336
6560
13140
4320
6898
1006
13831
432
9707
16406
18139
11101
10668
4869
13170
15163
3327
16448
19695
18285
13239
19693
18917
3516
10690
17312
4821
14013
3173
15101
17214
860
18013
10353
5179
1262
11359
19009
18046
1065
11767
16184
8518
18786
17404
18039
10300
731
14486
9994
15367
4076
6038
14283
7591
16728
11595
12412
10740
11119
3864
7953
11978
1876
14657
13508
19490
2367
8868
17535
19784
634
13718
8301
15772
11121
2691
6071
11851
17176
16065
7218
1252
2102
17852
5194
15181
5798
17605
2272
13268
17821
6576
5245
16048
1233
15104
15537
19951
3972
9423
19734
4605
3140
4386
16728
10613
7076
2799
18815
604
15215
6032
1855
17316
236
7048
8849
2385
1005
11120
15653
15177
17696
17249
7576
15280
12353
3113
15230
16324
12535
11316
17280
12027
15701
14008
2639
19129
16806
1453
19732
8372
3837
1586
5687
424
4985
10887
2808
2341
2007
14812
13869
16054
12061
1445
7685
765
909
19266
13440
13443
10581
10719
1821
6282
1078
4459
5410
14235
2264
1493
2606
6100
3078
4645
6523
4414
15531
5682
3107
13889
494
16975
6294
8906
14771
13978
9670
15679
13244
3109
5474
3824
10179
7294
6457
7609
11753
8218
1843
14016
9710
801
16467
9139
5445
2989
9905
17327
5022
13011
11216
5515
6337
13861
14420
17460
7839
441
13138
1082
19901
18611
1257
10080
5905
4066
17688
14009
12283
15882
4376
18345
16682
842
7483
18478
182
17387
15805
5203
6749
3372
10718
9438
17232
1489
6897
1422
1930
34
18855
1830
14997
112
8261
901
4177
2300
11261
12811
18182
15636
11155
11215
16477
14990
9693
16658
12376
1849
1860
15477
1572
8929
4914
15155
6770
8162
16577
5051
4547
15431
6880
19543
11894
11493
16795
12422
13792
8055
5233
8325
42
16387
19540
16518
11376
5584
9527
104
3784
7739
11932
1707
13019
13197
16861
19788
1358
9789
4838
5904
1572
8070
1799
13465
19562
18593
5887
9705
3000
7471
18030
3041
209
13921
15911
11585
15856
1789
8040
19639
9527
19971
17697
2546
9519
14557
18685
10876
698
3523
13131
2269
7944
14929
12085
3857
9874
14323
13561
9225
1793
7942
8617
2002
18214
879
9938
14069
2668
14329
10059
8546
10651
7755
7443
169
18664
6128
11044
15713
6002
526
17981
13945
11807
6417
17801
1680
740
7713
7256
18884
12007
15872
885
10220
13103
7174
641
15770
1502
7051
4315
12152
11158
11758
12320
6173
14237
19715
1885
238
241
16217
14182
12047
2633
8334
10078
19724
16046
17333
18608
8052
9556
15844
14624
19010
3018
15264
14779
871
18666
15446
13023
9823
3555
1694
15995
17791
1409
17879
14380
18001
10447
8561
10047
13080
16894
16476
12803
9291
10160
7762
17343
16067
3606
11966
15077
2975
3581
9855
3845
18598
1652
13219
8421
1558
11265
767
19348
9025
14998
13727
7025
5444
18639
13423
14875
11884
6250
4030
1175
16409
11791
18517
12475
11748
6834
7551
14722
6766
13758
14919
5363
11761
4489
10135
13319
15753
7254
9018
1129
2251
2745
4505
4046
17735
17927
18921
9619
528
2950
10793
16936
11092
5661
9411
2840
8846
13313
13913
11963
3422
8831
17325
15183
9672
3812
8501
5424
11065
17518
2905
9667
16614
7409
13712
10701
1688
8984
319
2215
11933
7463
19151
19377
9475
4913
2216
14672
18225
16128
6634
1647
1311
3958
13181
10982
4121
1681
12757
15185
15550
15661
4851
12164
3070
14915
2864
4757
3898
19534
6971
12183
3348
2473
11559
12822
7385
10126
7493
1962
6253
14126
19960
3915
14435
13140
14896
14908
11172
4005
10092
6721
19665
11295
15236
19086
6209
18099
3842
10106
17632
7165
2288
979
9637
10198
10152
13374
323
13996
11687
2928
4473
11646
6842
15260
1137
18090
10167
12308
2094
258
19028
18110
7904
14264
17196
14112
8714
17389
4218
2698
4553
2857
28
10542
13055
6532
267
13377
527
11953
16304
5000
3598
3146
16611
1086
17587
6777
13393
19680
3386
8772
17789
11290
19387
11336
5401
4453
8725
5970
7150
9629
8827
3529
16522
1881
10060
16788
15257
6939
8740
7913
11938
8689
7410
8548
9774
4996
11676
19518
1027
15061
4642
15167
6350
380
6503
8103
4832
11579
14072
8333
1207
2898
8214
17729
1130
18273
14516
12739
5211
19608
651
13500
4648
8060
18399
10774
13055
10074
6643
10433
1487
11284
5599
4188
8016
12101
12290
12847
31
2714
17532
1238
5611
5745
15318
3093
369
6185
15831
1932
5792
16481
11783
10440
892
10182
17565
10298
16607
4207
730
14445
15491
6328
18633
3506
14781
7274
12704
14811
9987
6587
12400
11950
8683
7717
15042
9052
13902
10872
10983
16045
3704
19117
2836
4595
5650
400
14892
18609
4607
15621
13053
16449
18300
8037
16306
9432
15311
9009
595
1649
11948
12994
13598
630
17063
8639
9681
7316
15862
17015
3360
19565
16132
6196
511
1781
6595
15402
389
7553
7374
9794
4001
2026
17830
306
11457
13140
5667
12051
14789
17614
1397
4738
18243
18459
9729
7924
5774
5590
1290
5485
1507
17421
11680
18369
15554
14627
13771
12294
2179
17496
2087
2532
15873
19917
2837
7330
9408
8503
15732
548
6116
13480
1638
4359
8290
11366
8634
10415
13307
9923
15900
14813
3696
3931
13182
19249
14909
3304
11542
13440
17151
9981
15971
13024
6249
18807
16705
12008
3662
8788
12556
9777
2268
14193
10487
10557
1910
19120
972
15216
9043
13223
6381
12738
17153
15914
8338
12062
15569
16231
1853
12719
6211
17823
2094
8811
16629
18798
819
16642
3938
9726
6419
6205
270
16905
16761
2179
16025
14084
17394
1419
7306
3774
14156
811
16039
2493
9224
11607
18723
11076
678
1286
5250
2771
10096
1878
17921
10914
14872
1858
16991
1290
4414
17260
14546
17526
19438
6922
11610
13184
8340
15267
13309
18847
12429
9348
17691
18004
954
12766
9079
1631
14051
14328
754
498
12558
18674
7764
7429
16883
4754
5070
1296
2014
19615
18821
17803
2889
6782
10986
11228
18401
4295
6427
10829
13642
4117
8833
10947
16882
14263
8930
7284
4943
9683
7782
17500
4708
11897
1280
17942
16650
2701
15589
15015
2315
14409
12818
1555
17543
3803
12783
15943
8097
19209
6771
18090
19677
11955
5389
12911
6218
10670
194
11160
352
4327
5011
1411
16223
2642
15704
9225
5342
11292
4239
4008
2052
17056
5563
19594
859
18345
15536
5307
13905
18659
19749
9933
10613
1489
2843
13182
12158
3037
4341
8861
3715
5703
6623
16290
8344
2326
5514
13685
9969
6104
17693
12020
3160
3255
7966
370
17951
3501
2028
8207
18511
1776
18139
5476
19616
982
18657
11773
370
19350
633
436
5052
3607
16725
13396
5932
18590
7080
15900
4694
1124
4272
4205
730
12237
4574
15032
12089
6601
19590
10600
4729
17729
16075
4344
15062
11083
12469
11783
10432
9453
8570
15484
13060
5295
8879
15343
236
12310
11243
4929
9786
11866
5485
6867
4102
10058
1899
16190
13011
1488
3141
17739
15568
15567
18434
6981
6650
7254
15115
17081
16707
3685
12564
6118
8979
17794
1460
5566
6456
9054
6847
12593
919
12331
19459
5020
2389
1357
17562
15399
19197
17054
9489
11116
12621
4274
18097
19270
11528
13211
12702
4586
16895
1618
10703
2225
15763
12162
7791
2218
1216
14637
11162
18486
6967
10621
19858
5707
8329
17419
17457
3877
14472
3297
14993
3444
7571
9441
19065
15450
2651
11767
16387
15898
9736
7089
14474
5498
15602
2264
4068
13169
13252
15229
8007
16571
5849
7864
2277
10530
5282
16086
14406
16105
19382
5750
15901
3304
15190
14965
18753
14193
3083
11491
6442
12818
14931
915
18316
6885
19531
2383
53
9134
17611
8059
5704
19812
15922
4333
6693
17555
418
1098
10012
16151
6848
2264
19455
18389
17228
14559
12581
311
6050
19022
13128
980
19937
11443
7864
15819
10177
4269
4952
4140
8679
10656
303
953
11340
6995
14859
11757
4444
4870
7907
11291
7133
3713
6032
713
18272
18612
17375
4321
13986
10502
1652
10274
18297
9516
6092
8473
10136
7395
8964
18814
18050
9266
19766
5741
16260
10977
17497
704
15846
1756
8346
19331
5468
14377
16395
91
9341
13769
4411
19678
4270
2415
9951
18918
8282
12394
3743
18417
19788
12706
13582
14190
18324
9700
19930
10935
676
13779
11638
12873
11886
16336
12203
13705
7064
4949
13796
12756
18717
14558
12433
19339
16972
18735
14608
5253
7480
18350
21
7268
7408
13603
17809
5731
3302
17738
16665
3977
7868
4655
16849
19753
17342
5404
13458
757
6704
3605
13513
5421
18162
2297
1111
15134
17384
15718
16738
4863
10420
16759
12130
17827
10361
9938
19909
10014
4028
12925
10342
11895
17579
7190
8000
11272
8945
17809
12029
15649
1413
1893
17421
19574
541
14883
11059
17924
10600
4149
2787
1019
907
11268
15197
7619
17558
15105
17632
17937
8030
7973
9831
1960
11514
14182
13232
16811
11990
1612
8811
13402
19856
6231
9328
396
1113
16738
18320
8064
886
17458
5435
18144
5077
631
5762
2634
12088
19745
570
117
4069
6753
18428
11935
17286
11659
8745
9276
9622
17555
19029
9477
137
8356
9873
1249
1446
4544
5664
18683
18353
11098
16827
3429
8081
18940
6063
168
15037
2984
16636
19105
6088
15063
11039
3374
3074
16135
9001
12695
13689
8029
18524
13825
12737
8396
11425
14182
9291
13441
12864
7643
890
6042
11071
8970
4982
13485
5489
18
12821
2124
15474
15260
13539
6513
18633
16612
2647
7633
5658
12688
12014
4181
2864
4750
8928
10641
18931
14570
433
8146
2212
1322
14188
9635
10292
15521
3119
15780
15538
12291
14256
11011
7551
7794
13875
2535
4405
12874
6520
6414
1913
18533
6947
1128
3282
12226
11768
18564
6796
12200
3061
5359
9874
13600
14993
165
9120
14464
12296
4657
6754
6551
12020
10656
10696
2246
13191
15100
15119
19710
17866
13383
18242
4812
14511
17875
17037
2630
12790
184
14830
12202
5543
1055
5802
16887
1219
14921
11350
9866
15930
14456
12769
4301
5111
3464
6546
18301
14916
18017
14362
12781
11399
8955
13944
2261
3181
7332
4891
12322
7516
16072
4524
13058
17126
10325
9944
14696
1597
17646
4561
13878
12101
17329
18178
13563
17145
1076
8216
12060
15444
18929
1192
3194
7884
15135
5455
11064
2466
10345
3386
9981
6416
4261
19390
3541
10937
5686
18236
12533
19683
19148
6411
8135
12829
940
1697
9973
2015
6264
18384
13810
5193
19575
17004
13076
14709
2458
491
13526
12802
228
19859
15569
4488
19248
15461
15424
1285
13696
4309
967
9195
7071
9101
2023
8010
7150
8347
6377
13413
3082
186
14957
2656
17189
8032
13716
15998
4875
7242
8799
1454
3452
719
2294
19051
16179
14069
336
6226
18377
17654
15421
5447
3107
13795
9809
10256
18494
16185
20
1575
12722
14977
4231
9911
19360
14298
5908
586
17891
11059
2040
1342
11777
4333
393
4308
14753
17080
10533
13130
14733
5953
14928
17839
16100
1088
4446
14593
13624
4466
16167
6346
15794
16749
12608
15153
11047
14867
15739
5289
2277
17778
6631
10406
18462
3375
14713
13214
454
5245
2695
11538
7550
13975
5729
3649
15062
10174
14593
5038
10991
7111
11383
6784
3860
342
1937
11258
15208
14027
16546
17485
8156
19528
4242
6617
19254
18954
16182
16059
550
15229
7597
8099
5555
9677
8099
616
19850
2691
2005
7193
6154
13387
10328
10013
13728
8616
17622
5288
2642
10519
19124
10797
6399
3365
13765
5652
2318
6299
1711
19219
1527
5659
7318
7081
15335
11768
4048
11536
10811
6053
18728
16964
15791
9056
3328
5871
14023
949
11158
16665
7819
10281
3813
14217
9997
13930
19869
12314
228
17931
7884
18106
3589
11553
5186
18923
3321
5585
10458
10483
7989
5538
7446
3780
10945
7125
9650
4967
8073
17159
17983
15891
3791
1796
6460
13787
12077
2680
2452
12304
610
10335
10409
4198
1888
11946
19472
1560
13882
9929
12042
1871
11818
15839
2002
2762
2963
11651
7729
11035
5161
2063
3277
8951
210
6088
2737
12286
8767
5188
4589
9376
11874
11349
9925
13761
19646
9396
15320
13528
15677
3713
15398
7494
19551
17399
6608
2513
5401
14336
9899
6913
12750
9528
15863
12960
15615
14951
5245
734
16490
6186
10109
8363
17534
16386
18476
17180
2133
10147
10707
17809
13860
2456
1655
13410
16206
8262
12275
17958
18949
2173
4870
11698
8052
17084
4657
19
12034
9902
752
8523
16087
7212
13237
9972
3597
8064
7151
5730
18211
14209
19890
12070
13016
1544
1831
5573
9805
14105
3530
8753
12630
8399
451
17033
5482
1459
17051
13867
7712
17802
18741
150
1366
8330
10122
1314
16393
13624
3395
14603
4185
3285
3024
17200
1180
4855
2773
7337
15311
2654
16089
4292
11053
12891
1325
12886
10702
14727
3105
18413
8881
18197
18563
10246
6526
8684
7911
2919
18659
11306
17521
2843
10942
16897
16395
12121
1751
19167
19457
13413
18172
11898
17705
9224
1140
15381
18462
11841
10107
17918
10254
15339
16114
8816
1936
2640
13851
9847
5558
12509
1152
19430
15352
12093
12678
11746
4213
14428
7264
22
4193
5435
11919
18249
11011
13058
13629
5824
4899
87
93
11504
11778
16206
319
13713
18845
10521
3559
754
3029
4710
16536
14732
16802
9213
2829
17367
19993
6444
17388
4185
8231
5658
2433
15593
18715
12413
1416
19965
8851
1508
11468
628
14065
8138
14341
9262
18658
17899
10015
1687
18961
2902
12770
15762
8467
15599
9480
8459
2042
6867
8995
10272
12524
7779
2216
7591
16543
3631
7555
5393
1490
19023
2373
11907
3512
16713
1168
2170
10963
7534
208
9923
10436
12977
2037
15254
4927
11516
64
3321
18383
5410
9944
7258
13188
12160
14848
6082
12142
18755
11474
13632
14129
13846
1890
17640
6910
3057
19809
14225
10590
16368
4147
17377
9345
6183
12630
10623
17699
9045
13943
12433
14454
3887
16042
3993
16046
7242
10074
8187
5996
1548
18170
124
11745
59
17763
15007
3115
13924
9231
10057
10291
9729
7433
15987
12264
16415
6610
6314
1811
552
18746
16265
4438
11139
257
16835
18380
6683
5022
4375
4582
3191
4498
16326
19602
18613
7684
2716
8888
13266
9124
15530
2995
12909
11517
11610
5675
14478
17923
7485
15029
16668
101
15819
7806
358
9005
6186
7040
14026
6912
11621
13569
7762
4298
13170
2726
8334
12237
11613
17951
1361
7142
17297
14269
18658
8906
19943
9487
6828
7427
4516
19847
7528
16686
4005
4237
5690
6542
7628
16068
13453
15600
9636
1214
16249
2805
3939
4582
11393
11903
18885
12753
19045
16181
7021
14054
5087
3315
3541
11914
7094
4408
11761
14621
17445
12117
15209
19486
18658
19188
15553
12110
14787
5188
9676
7387
4344
9966
8321
15737
1869
7205
4841
17265
3385
11862
7670
8471
11528
7562
16737
18621
11969
4849
9593
9413
16965
4801
8899
15622
3988
803
4083
15126
2343
13758
2513
3038
3724
10833
18774
1944
14389
19967
19208
17773
8180
3229
2596
19707
10791
19332
18328
2759
532
7920
8524
17496
9073
13774
13117
9412
10928
17199
890
13270
7309
3402
16308
7384
10586
11433
9327
1326
11399
4886
19098
19578
8114
1693
19285
18904
17376
17612
18015
17907
1883
2890
15402
10955
13015
4870
16719
3942
18421
17608
17212
2081
17361
13519
9464
4298
1303
18790
5623
12702
27
4720
12279
8140
2765
7915
3396
140
1878
17762
14399
3761
651
9800
11067
13665
11022
7785
13958
5794
1744
11169
7874
19104
1039
17337
3401
2342
12478
9023
11395
12504
10095
3673
16995
12859
7940
16742
9350
9817
14503
3748
9929
11505
9900
17348
1521
921
1484
15479
3066
3228
6647
10939
2331
4038
4627
2084
2731
17104
11106
14125
5959
17552
14149
19305
10410
2088
16047
16112
8257
10549
19859
18185
18406
9758
15532
19926
7030
17016
15404
6447
16595
18403
17385
18925
18792
2011
17360
1522
15466
4818
11998
1424
2369
6146
729
9131
4586
13127
5242
12842
27
1452
7378
18432
7562
19262
18358
14591
12629
10113
17390
9223
8515
14774
4499
7306
13137
1859
5179
8602
6676
17176
6378
5396
19674
3458
14526
4259
16584
16119
13452
16610
17571
17181
11394
5132
16442
6103
16074
5422
16215
13463
14644
4730
4589
19143
8387
17725
17353
13566
2678
380
7093
9055
5775
6766
8864
16653
11024
5447
12771
827
18409
10341
18008
6154
11824
10801
12256
7898
16223
8470
17712
7218
9551
2300
6360
17938
24
64
7855
2702
443
14947
8108
2570
1713
16972
19222
9088
18770
8344
9915
17178
15037
4274
3331
6860
11426
11938
11109
7648
408
8821
14866
9958
11120
17577
4247
7496
17641
12101
6549
14435
7048
14656
17004
8760
11627
12577
14199
6749
921
4113
3926
12309
4738
3609
19168
16164
15546
6629
163
12305
11801
11380
2263
2920
5309
6509
6767
2949
14962
13315
13735
2009
4323
7091
7120
12301
19667
1318
19049
16939
1783
19327
9247
2872
2935
4767
19035
14832
7747
15550
3489
19547
3281
2103
18818
8589
4963
5585
7889
19924
15251
1624
1932
19573
8714
5403
11874
4732
6721
10922
18023
8503
10248
3621
11374
9534
4739
6761
718
12485
18662
4206
12031
1942
6308
7201
10531
7622
9137
18419
7546
4387
16394
9477
312
1459
14880
12185
6191
17952
19458
565
2806
6058
4185
14179
11943
5276
17291
9012
17760
15952
13217
6143
14246
15876
9695
4776
3498
18831
19546
7395
3217
15940
13223
3528
17398
4454
12064
19940
2405
7874
16856
5210
13931
17393
15741
2225
2668
9383
11237
16779
1687
805
19273
15932
13033
8967
17059
12882
7797
16604
276
11014
8895
13498
10893
2645
14304
2957
18936
16708
10830
15792
18270
1112
13184
10362
3336
15851
19744
14572
8981
1430
11729
8254
13713
4761
17220
10771
17642
5017
3727
14269
12382
8973
4118
3274
11617
18421
6230
10553
11481
13411
6344
9750
14522
15879
111
17858
8081
19854
8781
17061
17636
16861
5314
11348
1621
2534
18471
15614
3902
18549
6234
16283
7521
10352
19556
15490
8772
2138
6042
252
15548
8737
6353
6422
967
6463
631
9047
2669
9411
6107
16656
2624
7773
8003
4244
6658
2825
16210
6911
1373
2443
3193
5246
9146
19100
735
14270
1237
3128
10873
13137
8216
17226
19558
9182
40
188
14580
2708
5950
17038
15715
8573
4810
3718
12817
7819
2894
5378
14729
619
7820
14273
5864
13318
13373
6598
7587
14609
6077
18459
7745
14292
15684
3654
19825
12076
3841
10756
11135
9791
7793
6850
18363
8955
10567
7531
13125
9812
12908
7854
10430
17080
2126
16293
10397
11850
19242
17983
6459
1670
16441
10555
12313
8477
10561
8489
552
14401
19244
11686
4191
7037
18535
18906
12343
5453
6436
5467
15265
19344
9672
2046
16423
8150
14691
3171
19999
13932
1153
2809
15602
13945
9716
4266
2421
276
12755
2972
14676
11998
11010
15219
15386
9544
14124
7728
11349
559
9547
2965
19902
19218
5010
12676
7367
19700
15846
7366
9984
13350
6526
1937
7295
16241
6202
9715
16516
18956
9039
11192
7306
48
6410
2691
5943
16885
6771
13643
17443
16317
16607
13697
15534
17969
6372
19253
17668
18570
2970
4003
11919
9495
5939
15565
5736
12141
5280
18603
7448
10670
9794
14753
7069
12555
13796
13011
9439
566
3006
3234
16882
19612
16930
8767
17580
19653
8019
11600
14574
7340
15602
6493
16835
1541
2057
18922
10033
3688
17524
13832
14357
3670
4937
17777
12576
18732
10788
18367
15649
13793
1600
12530
9756
18529
17648
3688
14533
2019
15287
9107
9358
7240
11951
2544
5132
10359
1465
15164
14047
15341
5348
4755
19010
6636
2532
7937
5367
9671
6303
1015
19815
7902
9896
5922
2782
7543
9609
13667
9561
4895
2773
15271
8487
14723
17814
13618
5081
15631
5134
15479
10971
10481
16586
6332
17116
15469
14268
18834
5139
16923
16200
1305
1176
6095
7226
310
9989
16835
13976
15902
18081
16748
11172
6567
7822
8985
185
9254
4615
5318
4733
11937
12150
17670
18268
5617
13138
8888
4450
14628
5810
649
15932
3337
3095
3157
3646
9435
16343
17621
5336
14424
14368
16507
17342
18541
1844
17526
7795
2810
19195
8879
14747
7696
6548
9366
13312
19685
14605
17761
10664
16766
14761
6595
103
17855
9751
3748
7290
2446
1369
8977
16869
12088
1836
14210
10629
31
8088
14775
2840
3634
3653
13938
11330
6552
19656
4641
2588
14260
18754
13251
11026
13514
19845
11128
7721
5947
14875
11362
8392
12595
338
1612
4683
18525
15822
11663
18555
261
6437
1395
246
6441
11684
7927
12992
11339
8920
15579
5599
7673
8829
12976
17538
5025
4103
5258
10971
15329
16619
19363
7924
13309
974
8958
11833
13147
620
10388
9759
3408
8134
6357
9848
19817
14283
2839
11156
3202
18417
13106
7226
3597
6081
4764
8621
6535
10021
15943
1863
2992
15305
6138
12652
12631
15095
4484
2129
12066
11223
8240
15473
15708
14596
5320
15525
8878
4510
3032
8432
19278
12489
15657
2874
14921
420
7846
1455
6793
3789
19669
6136
